0.200195 156200
0.400144 364000
0.600064 234000
0.80011 223600
1.000133 348400
1.200013 358800
1.400002 327600
1.600074 410800
1.800037 400400
2.000059 410800
2.200131 431600
2.400051 384800
2.600098 426400
2.80012 421200
3.000192 416000
3.200023 400400
3.400012 421200
3.600016 426400
3.800007 384800
4.000076 436800
4.200034 400400
4.400013 416000
4.600027 431600
4.800016 421200
5.00003 410800
5.200033 400400
5.400105 436800
5.600127 395200
5.800039 390000
6.000016 462800
6.200034 421200
6.400122 405600
6.600002 400400
6.800114 436800
7.000062 390000
7.200046 390000
7.400048 457600
7.600051 421200
7.80004 405600
8.000021 400400
8.200232 436800
8.400181 390000
8.600018 390000
8.80005 457600
9.000033 421200
9.200035 405600
9.400038 400400
9.60011 436800
9.800008 390000
9.93985 301600
