0.200195 270600
0.400144 488800
0.600064 795600
0.80011 764400
1.000133 582400
1.200013 551200
1.400002 520000
1.600074 468000
1.800037 410800
2.000059 452400
2.200131 431600
2.400051 431600
2.600098 452400
2.80012 369200
3.000192 416000
3.200023 421200
3.400012 452400
3.600016 364000
3.800007 436800
4.000076 447200
4.200034 374400
4.400013 416000
4.600027 426400
4.800016 421200
5.00003 395200
5.200033 436800
5.400105 405600
5.600127 416000
5.800039 416000
6.000016 400400
6.200034 405600
6.400122 426400
6.600002 442000
6.800114 384800
7.000062 431600
7.200046 416000
7.400048 400400
7.600051 405600
7.80004 426400
8.000021 436800
8.200232 390000
8.400181 426400
8.600018 416000
8.80005 400400
9.000033 410800
9.200035 421200
9.400038 436800
9.60011 390000
9.800008 426400
9.93985 296400
