0.200195 166600
0.400144 390000
0.600064 223600
0.80011 260000
1.000133 317200
1.200013 338000
1.400002 400400
1.600074 369200
1.800037 436800
2.000059 390000
2.200131 374400
2.400051 436800
2.600098 369200
2.80012 447200
3.000192 416000
3.200023 410800
3.400012 379600
3.600016 447200
3.800007 426400
4.000076 369200
4.200034 462800
4.400013 416000
4.600027 379600
4.800016 410800
5.00003 431600
5.200033 410800
5.400105 405600
5.600127 426400
5.800039 447200
6.000016 374400
6.200034 421200
6.400122 405600
6.600002 405600
6.800114 431600
7.000062 410800
7.200046 447200
7.400048 379600
7.600051 421200
7.80004 405600
8.000021 410800
8.200232 426400
8.400181 416000
8.600018 447200
8.80005 374400
9.000033 421200
9.200035 410800
9.400038 410800
9.60011 421200
9.800008 421200
9.93985 270400
