0.200195 0
0.400144 0
0.600064 0
0.80011 0
1.000133 0
1.200013 0
1.400002 0
1.600074 0
1.800037 0
2.000059 0
2.200131 0
2.400051 0
2.600098 0
2.80012 0
3.000192 0
3.200023 55650
3.400012 55650
3.600016 56700
3.800007 55650
4.000076 55650
4.200034 56700
4.400013 55650
4.600027 55650
4.800016 56700
5.00003 55650
5.200033 55650
5.400105 56700
5.600127 55650
5.800039 55650
6.000016 56700
6.200034 0
6.400122 0
6.600002 0
6.800114 0
7.000062 0
7.200046 0
7.400048 0
7.600051 0
7.80004 0
8.000021 0
8.200232 0
8.400181 0
8.600018 0
8.80005 0
9.000033 0
9.200035 0
9.400038 0
9.60011 0
9.800008 0
9.93985 0
