0 1
0.10000000000000001 1
0.20000000000000001 1
0.30000000000000004 13
0.40000000000000002 23.5386
0.5 26.6869
0.59999999999999998 29.3307
0.69999999999999996 31.7863
0.79999999999999993 2
0.89999999999999991 18.1142
0.99999999999999989 21.1726
1.0999999999999999 23.5454
1.2 25.7386
1.3 12.3299
1.4000000000000001 16.1337
1.5000000000000002 19.0385
1.6000000000000003 20.9895
1.7000000000000004 1
1.8000000000000005 12.4184
1.9000000000000006 15.2454
2.0000000000000004 18.1272
2.1000000000000005 20.0673
2.2000000000000006 8
2.3000000000000007 13.3525
2.4000000000000008 16.2014
2.5000000000000009 18.4557
2.600000000000001 1
2.7000000000000011 11.4561
2.8000000000000012 14.3341
2.9000000000000012 17.1945
3.0000000000000013 19.1248
3.1000000000000014 2
3.2000000000000015 12.463
3.3000000000000016 15.2817
3.4000000000000017 18.0471
3.5000000000000018 19.995
3.6000000000000019 9.75093
3.700000000000002 13.394
3.800000000000002 16.2355
3.9000000000000021 18.3225
4.0000000000000018 1
4.1000000000000014 11.0092
4.2000000000000011 14.3341
4.3000000000000007 17.1945
4.4000000000000004 19.1248
4.5 1
4.5999999999999996 12.3823
4.6999999999999993 15.2817
4.7999999999999989 17.711
4.8999999999999986 19.995
4.9999999999999982 9.75093
5.0999999999999979 13.394
5.1999999999999975 16.2355
5.2999999999999972 18.1578
5.3999999999999968 1
5.4999999999999964 10.638
5.5999999999999961 14.3341
5.6999999999999957 16.9598
5.7999999999999954 19.1248
5.899999999999995 1
5.9999999999999947 11.8861
6.0999999999999943 15.2817
6.199999999999994 17.2526
6.2999999999999936 19.9449
6.3999999999999932 9.43651
6.4999999999999929 13.3189
6.5999999999999925 16.2355
6.6999999999999922 18.1578
6.7999999999999918 1
6.8999999999999915 10.638
6.9999999999999911 14.3341
7.0999999999999908 16.8413
7.1999999999999904 19.1248
7.2999999999999901 1
7.3999999999999897 11.9702
7.4999999999999893 15.2817
7.599999999999989 17.3106
7.6999999999999886 19.9449
7.7999999999999883 9.54248
7.8999999999999879 13.394
7.9999999999999876 16.2355
8.0999999999999872 18.1578
8.1999999999999869 1
8.2999999999999865 10.638
8.3999999999999861 14.3341
8.4999999999999858 16.9007
8.5999999999999854 19.1248
8.6999999999999851 1
8.7999999999999847 12.0538
8.8999999999999844 15.2817
8.999999999999984 17.3684
9.0999999999999837 19.9449
9.1999999999999833 9.64727
9.2999999999999829 13.394
9.3999999999999826 16.2355
9.4999999999999822 18.1578
9.5999999999999819 1
9.6999999999999815 10.638
9.7999999999999812 14.3341
9.8999999999999808 16.9598
9.9999999999999805 17.8798
