0 1
0.10000000000000001 1
0.20000000000000001 32
0.30000000000000004 12
0.40000000000000002 16.9723
0.5 7
0.59999999999999998 10.2101
0.69999999999999996 12.3465
0.79999999999999993 2
0.89999999999999991 10.0259
0.99999999999999989 12.7577
1.0999999999999999 14.9974
1.2 1
1.3 9.70539
1.4000000000000001 12.508
1.5000000000000002 15.3184
1.6000000000000003 17.6861
1.7000000000000004 2
1.8000000000000005 11.5434
1.9000000000000006 15.0171
2.0000000000000004 17.1945
2.1000000000000005 19.4364
2.2000000000000006 9.32932
2.3000000000000007 12.7022
2.4000000000000008 15.2817
2.5000000000000009 18.1578
2.600000000000001 19.9449
2.7000000000000011 10.638
2.8000000000000012 13.6902
2.9000000000000012 16.2355
3.0000000000000013 18.7012
3.1000000000000014 2
3.2000000000000015 11.5434
3.3000000000000016 14.5424
3.4000000000000017 17.1945
3.5000000000000018 19.1248
3.6000000000000019 9
3.700000000000002 12.463
3.800000000000002 15.2817
3.9000000000000021 18.1578
4.0000000000000018 19.995
4.1000000000000014 10.638
4.2000000000000011 13.394
4.3000000000000007 16.2355
4.4000000000000004 18.4315
4.5 1
4.5999999999999996 11.5434
4.6999999999999993 14.3341
4.7999999999999989 17.1945
4.8999999999999986 19.1248
4.9999999999999982 8
5.0999999999999979 12.463
5.1999999999999975 15.2817
5.2999999999999972 17.8798
5.3999999999999968 19.995
5.4999999999999964 10.1549
5.5999999999999961 13.394
5.6999999999999957 16.2355
5.7999999999999954 18.1578
5.899999999999995 1
5.9999999999999947 11.5434
6.0999999999999943 14.3341
6.199999999999994 17.1945
6.2999999999999936 19.1248
6.3999999999999932 8
6.4999999999999929 12.463
6.5999999999999925 15.2817
6.6999999999999922 17.6543
6.7999999999999918 19.9449
6.8999999999999915 10.1549
6.9999999999999911 13.394
7.0999999999999908 16.2355
7.1999999999999904 18.1578
7.2999999999999901 1
7.3999999999999897 11.5434
7.4999999999999893 14.3341
7.599999999999989 17.1945
7.6999999999999886 19.1248
7.7999999999999883 8
7.8999999999999879 12.463
7.9999999999999876 15.2817
8.0999999999999872 17.711
8.1999999999999869 19.9449
8.2999999999999865 10.1549
8.3999999999999861 13.394
8.4999999999999858 16.2355
8.5999999999999854 18.1578
8.6999999999999851 1
8.7999999999999847 11.5434
8.8999999999999844 14.3341
8.999999999999984 17.1945
9.0999999999999837 19.1248
9.1999999999999833 8
9.2999999999999829 12.463
9.3999999999999826 15.2817
9.4999999999999822 17.711
9.5999999999999819 19.9449
9.6999999999999815 10.2533
9.7999999999999812 13.394
9.8999999999999808 16.2355
9.9999999999999805 17.1945
