0.204632 26200
0.400864 62400
0.60076 67600
0.805882 62400
1.000882 62400
1.20201 67600
1.407132 62400
1.602132 62400
1.80326 67600
2.008382 62400
2.203382 62400
2.400646 62400
2.600883 62400
2.802011 67600
3.000368 62400
3.202133 62400
3.40125 62400
3.600368 15600
3.8025 26000
4.00125 5200
4.200368 46800
4.4025 46800
4.60125 0
4.800368 0
5.000736 36400
5.20125 62400
5.400368 36400
5.6025 0
5.80125 15600
6.015136 0
6.200136 0
6.401536 0
6.606809 5200
6.800736 62400
7.002937 67600
7.208059 62400
7.403059 62400
7.600323 62400
7.800176 67600
8.004309 62400
8.200541 62400
8.400437 67600
8.605559 62400
8.800559 62400
9.001687 67600
9.206809 62400
9.401809 62400
9.602937 67600
9.808059 62400
9.993543 62400
