0.204632 0
0.400864 0
0.60076 0
0.805882 0
1.000882 0
1.20201 0
1.407132 0
1.602132 0
1.80326 0
2.008382 0
2.203382 0
2.400646 0
2.600883 0
2.802011 0
3.000368 0
3.202133 11550
3.40125 11550
3.600368 12600
3.8025 11550
4.00125 12600
4.200368 11550
4.4025 12600
4.60125 12600
4.800368 12600
5.000736 11550
5.20125 12600
5.400368 12600
5.6025 12600
5.80125 12600
6.015136 12600
6.200136 11550
6.401536 12600
6.606809 12600
6.800736 12600
7.002937 0
7.208059 0
7.403059 0
7.600323 0
7.800176 0
8.004309 0
8.200541 0
8.400437 0
8.605559 0
8.800559 0
9.001687 0
9.206809 0
9.401809 0
9.602937 0
9.808059 0
9.993543 0
