0 1
0.10000000000000001 1
0.20000000000000001 7
0.30000000000000004 13
0.40000000000000002 19
0.5 25
0.59999999999999998 31
0.69999999999999996 38
0.79999999999999993 44
0.89999999999999991 50
0.99999999999999989 56
1.0999999999999999 62
1.2 68
1.3 74
1.4000000000000001 80.0125
1.5000000000000002 80.0875
1.6000000000000003 80.1623
1.7000000000000004 80.2372
1.8000000000000005 1
1.9000000000000006 1
2.0000000000000004 1
2.1000000000000005 1
2.2000000000000006 1
2.3000000000000007 1
2.4000000000000008 1
2.5000000000000009 1
2.600000000000001 3
2.7000000000000011 6
2.8000000000000012 9
2.9000000000000012 12
3.0000000000000013 16
3.1000000000000014 16
3.2000000000000015 17
3.3000000000000016 18
3.4000000000000017 18
3.5000000000000018 19
3.6000000000000019 20
3.700000000000002 20
3.800000000000002 21
3.9000000000000021 21
4.0000000000000018 21
4.1000000000000014 23
4.2000000000000011 23
4.3000000000000007 24
4.4000000000000004 24
4.5 24
4.5999999999999996 24
4.6999999999999993 24
4.7999999999999989 24
4.8999999999999986 25
4.9999999999999982 25
5.0999999999999979 25
5.1999999999999975 25
5.2999999999999972 25
5.3999999999999968 25
5.4999999999999964 25
5.5999999999999961 25
5.6999999999999957 25
5.7999999999999954 27
5.899999999999995 27
5.9999999999999947 27
6.0999999999999943 27
6.199999999999994 27
6.2999999999999936 27
6.3999999999999932 27
6.4999999999999929 27
6.5999999999999925 29
6.6999999999999922 29
6.7999999999999918 30
6.8999999999999915 40.1996
6.9999999999999911 40.3486
7.0999999999999908 40.4971
7.1999999999999904 40.6696
7.2999999999999901 40.8169
7.3999999999999897 40.9637
7.4999999999999893 41.1099
7.599999999999989 41.2557
7.6999999999999886 41.4009
7.7999999999999883 41.5697
7.8999999999999879 41.7138
7.9999999999999876 41.8574
8.0999999999999872 42.0006
8.1999999999999869 42.1432
8.2999999999999865 42.2854
8.3999999999999861 42.4271
8.4999999999999858 42.5918
8.5999999999999854 42.7325
8.6999999999999851 42.8727
8.7999999999999847 43.0125
8.8999999999999844 43.1518
8.999999999999984 43.2906
9.0999999999999837 43.4521
9.1999999999999833 43.59
9.2999999999999829 43.7274
9.3999999999999826 43.8645
9.4999999999999822 44.0011
9.5999999999999819 44.1373
9.6999999999999815 44.273
9.7999999999999812 44.4309
9.8999999999999808 44.5658
9.9999999999999805 44.7002
