0.204632 26200
0.400864 62400
0.60076 67600
0.805882 62400
1.000882 62400
1.20201 67600
1.407132 62400
1.602132 62400
1.80326 67600
2.008382 62400
2.203382 62400
2.400646 62400
2.600883 62400
2.802011 67600
3.007133 62400
3.202133 62400
3.403261 67600
3.608383 62400
3.803383 62400
4.000647 62400
4.200117 67600
4.404633 62400
4.600865 62400
4.800761 67600
5.003262 62400
5.208384 62400
5.403384 62400
5.600648 62400
5.800118 67600
6.004634 62400
6.200866 62400
6.400762 67600
6.605884 62400
6.800884 62400
7.002012 67600
7.207134 62400
7.402134 62400
7.603262 67600
7.808384 62400
8.003384 62400
8.200648 62400
8.400118 67600
8.604634 62400
8.800866 62400
9.000762 67600
9.205884 62400
9.400884 62400
9.602012 67600
9.807134 62400
9.992618 62400
