0 1
0.10000000000000001 1
0.20000000000000001 7
0.30000000000000004 13
0.40000000000000002 19
0.5 25
0.59999999999999998 31
0.69999999999999996 38
0.79999999999999993 44
0.89999999999999991 50
0.99999999999999989 56
1.0999999999999999 62
1.2 68
1.3 74
1.4000000000000001 80.0125
1.5000000000000002 80.0875
1.6000000000000003 80.1623
1.7000000000000004 80.2372
1.8000000000000005 1
1.9000000000000006 1
2.0000000000000004 1
2.1000000000000005 1
2.2000000000000006 1
2.3000000000000007 1
2.4000000000000008 1
2.5000000000000009 1
2.600000000000001 3
2.7000000000000011 6
2.8000000000000012 9
2.9000000000000012 12
3.0000000000000013 16
3.1000000000000014 19
3.2000000000000015 22
3.3000000000000016 25
3.4000000000000017 28
3.5000000000000018 31
3.6000000000000019 31
3.700000000000002 31
3.800000000000002 31
3.9000000000000021 35
4.0000000000000018 40.025
4.1000000000000014 40.1747
4.2000000000000011 40.3238
4.3000000000000007 40.4971
4.4000000000000004 1
4.5 1
4.5999999999999996 1
4.6999999999999993 1
4.7999999999999989 1
4.8999999999999986 1
4.9999999999999982 3
5.0999999999999979 8
5.1999999999999975 15
5.2999999999999972 20.05
5.3999999999999968 20.3474
5.4999999999999964 20.6405
5.5999999999999961 20.9295
5.6999999999999957 21.2146
5.7999999999999954 21.4959
5.899999999999995 21.8194
5.9999999999999947 22.093
6.0999999999999943 22.3632
6.199999999999994 22.6301
6.2999999999999936 22.894
6.3999999999999932 23.1548
6.4999999999999929 23.4555
6.5999999999999925 23.7101
6.6999999999999922 23.9621
6.7999999999999918 24.2114
6.8999999999999915 24.4582
6.9999999999999911 24.7025
7.0999999999999908 24.9444
7.1999999999999904 25.2236
7.2999999999999901 25.4606
7.3999999999999897 25.6953
7.4999999999999893 25.928
7.599999999999989 26.1585
7.6999999999999886 26.3871
7.7999999999999883 26.6512
7.8999999999999879 26.8756
7.9999999999999876 27.098
8.0999999999999872 27.3187
8.1999999999999869 27.5376
8.2999999999999865 27.7548
8.3999999999999861 27.9703
8.4999999999999858 28.2196
8.5999999999999854 28.4315
8.6999999999999851 28.6419
8.7999999999999847 28.8508
8.8999999999999844 29.0581
8.999999999999984 29.264
9.0999999999999837 29.5024
9.1999999999999833 29.7051
9.2999999999999829 29.9066
9.3999999999999826 30.1066
9.4999999999999822 30.3054
9.5999999999999819 30.5028
9.6999999999999815 30.699
9.7999999999999812 30.9263
9.8999999999999808 31.1198
9.9999999999999805 31.3121
