0.200072 114600
0.400075 218400
0.600147 306800
0.800067 208000
1.000048 187200
1.200019 202800
1.400002 228800
1.600003 228800
1.800008 202800
2.000011 208000
2.200083 171600
2.400003 130000
2.60005 161200
2.800195 192400
3.000075 260000
3.200147 369200
3.400067 436800
3.600048 301600
3.800019 291200
4.000002 280800
4.200019 296400
4.400008 275600
4.600011 166400
4.800083 317200
5.000003 384800
5.20005 286000
5.400072 322400
5.600075 270400
5.800147 239200
6.000067 197600
6.200048 166400
6.400019 244400
6.600002 228800
6.800019 234000
7.000008 218400
7.200011 166400
7.400083 145600
7.600003 124800
7.80005 208000
8.000072 218400
8.200075 254800
8.400147 525200
8.600067 306800
8.800114 306800
9.000019 317200
9.200002 254800
9.400019 260000
9.600008 239200
9.800011 202800
9.93829 312000
