0.200072 73000
0.400075 239200
0.600147 109200
0.800067 98800
1.000048 150800
1.200019 145600
1.400002 156000
1.600003 228800
1.800008 254800
2.000011 395200
2.200083 431600
2.400003 223600
2.60005 249600
2.800195 265200
3.000075 234000
3.200147 187200
3.400067 228800
3.600048 150800
3.800019 202800
4.000002 202800
4.200019 192400
4.400008 234000
4.600011 509600
4.800083 291200
5.000003 254800
5.20005 286000
5.400072 223600
5.600075 260000
5.800147 166400
6.000067 228800
6.200048 166400
6.400019 171600
6.600002 202800
6.800019 223600
7.000008 338000
7.200011 457600
7.400083 249600
7.600003 275600
7.80005 270400
8.000072 239200
8.200075 223600
8.400147 166400
8.600067 202800
8.800114 161200
9.000019 197600
9.200002 223600
9.400019 234000
9.600008 395200
9.800011 431600
9.93829 119600
