0.200072 145800
0.400075 265200
0.600147 416000
0.800067 670800
1.000048 426400
1.200019 338000
1.400002 301600
1.600003 265200
1.800008 260000
2.000011 239200
2.200083 223600
2.400003 390000
2.60005 358800
2.800195 312000
3.000075 254800
3.200147 254800
3.400067 208000
3.600048 473200
3.800019 384800
4.000002 353600
4.200019 343200
4.400008 280800
4.600011 197600
4.800083 322400
5.000003 379600
5.20005 317200
5.400072 275600
5.600075 306800
5.800147 202800
6.000067 265200
6.200048 488800
6.400019 384800
6.600002 332800
6.800019 322400
7.000008 234000
7.200011 228800
7.400083 390000
7.600003 327600
7.80005 301600
8.000072 280800
8.200075 280800
8.400147 228800
8.600067 364000
8.800114 436800
9.000019 369200
9.200002 312000
9.400019 312000
9.600008 234000
9.800011 249600
9.93829 280800
