0.200072 104200
0.400075 234000
0.600147 275600
0.800067 171600
1.000048 374400
1.200019 410800
1.400002 364000
1.600003 322400
1.800008 280800
2.000011 228800
2.200083 228800
2.400003 421200
2.60005 306800
2.800195 306800
3.000075 312000
3.200147 234000
3.400067 223600
3.600048 150800
3.800019 202800
4.000002 202800
4.200019 223600
4.400008 234000
4.600011 182000
4.800083 171600
5.000003 104000
5.20005 192400
5.400072 239200
5.600075 208000
5.800147 478400
6.000067 358800
6.200048 280800
6.400019 291200
6.600002 286000
6.800019 244400
7.000008 244400
7.200011 228800
7.400083 317200
7.600003 374400
7.80005 327600
8.000072 280800
8.200075 280800
8.400147 182000
8.600067 213200
8.800114 192400
9.000019 176800
9.200002 244400
9.400019 202800
9.600008 208000
9.800011 171600
9.93829 83200
