0.200072 156200
0.400075 291200
0.600147 140400
0.800067 104000
1.000048 109200
1.200019 150800
1.400002 202800
1.600003 202800
1.800008 254800
2.000011 176800
2.200083 192400
2.400003 88400
2.60005 171600
2.800195 176800
3.000075 187200
3.200147 202800
3.400067 156000
3.600048 171600
3.800019 166400
4.000002 213200
4.200019 192400
4.400008 228800
4.600011 192400
4.800083 145600
5.000003 130000
5.20005 166400
5.400072 192400
5.600075 202800
5.800147 161200
6.000067 202800
6.200048 145600
6.400019 156000
6.600002 202800
6.800019 223600
7.000008 218400
7.200011 166400
7.400083 145600
7.600003 150800
7.80005 140400
8.000072 234000
8.200075 208000
8.400147 145600
8.600067 166400
8.800114 150800
9.000019 187200
9.200002 218400
9.400019 239200
9.600008 176800
9.800011 192400
9.93829 62400
