0 1
0.10000000000000001 1
0.20000000000000001 16
0.30000000000000004 8
0.40000000000000002 9.70539
0.5 4
0.59999999999999998 5.68862
0.69999999999999996 2.9
0.79999999999999993 5.19763
0.89999999999999991 7.02286
0.99999999999999989 3.33333
1.0999999999999999 5.97588
1.2 1
1.3 5.05378
1.4000000000000001 7.61288
1.5000000000000002 10.3083
1.6000000000000003 4
1.7000000000000004 8.21603
1.8000000000000005 11.0363
1.9000000000000006 12.8824
2.0000000000000004 16.5592
2.1000000000000005 19.1926
2.2000000000000006 2
2.3000000000000007 9.75093
2.4000000000000008 12.2191
2.5000000000000009 4
2.600000000000001 9.07844
2.7000000000000011 11.8611
2.8000000000000012 1
2.9000000000000012 7.76276
3.0000000000000013 10.2244
3.1000000000000014 1
3.2000000000000015 5.57776
3.3000000000000016 8.21603
3.4000000000000017 10.7599
3.5000000000000018 4
3.6000000000000019 7.30649
3.700000000000002 9.88378
3.800000000000002 4.92064
3.9000000000000021 7.3909
4.0000000000000018 10.1462
4.1000000000000014 1
4.2000000000000011 7.30649
4.3000000000000007 10.0851
4.4000000000000004 11.9951
4.5 15.6253
4.5999999999999996 18.4476
4.6999999999999993 1
4.7999999999999989 8
4.8999999999999986 11.5434
4.9999999999999982 1
5.0999999999999979 8.14301
5.1999999999999975 10.9822
5.2999999999999972 12.7577
5.3999999999999968 6.32883
5.4999999999999964 10.0259
5.5999999999999961 11.8611
5.6999999999999957 4
5.7999999999999954 7.30649
5.899999999999995 10.0851
5.9999999999999947 2
6.0999999999999943 6.42297
6.199999999999994 9.14389
6.2999999999999936 1
6.3999999999999932 6.51909
6.4999999999999929 9.21125
6.5999999999999925 10.9095
6.6999999999999922 6.42297
6.7999999999999918 9.14389
6.8999999999999915 11.9112
6.9999999999999911 14.4939
7.0999999999999908 17.5003
7.1999999999999904 19.6565
7.2999999999999901 4
7.3999999999999897 10.638
7.4999999999999893 12.463
7.599999999999989 7.22412
7.6999999999999886 10.0259
7.7999999999999883 12.3583
7.8999999999999879 4
7.9999999999999876 9.07844
8.0999999999999872 10.9822
8.1999999999999869 2
8.2999999999999865 6.87924
8.3999999999999861 9.14389
8.4999999999999858 10.9449
8.5999999999999854 5.75704
8.6999999999999851 8.21603
8.7999999999999847 9.88378
8.8999999999999844 5.68862
8.999999999999984 8.29104
9.0999999999999837 10.9095
9.1999999999999833 5.57776
9.2999999999999829 8.21603
9.3999999999999826 11.0363
9.4999999999999822 12.8824
9.5999999999999819 16.5592
9.6999999999999815 19.4001
9.7999999999999812 2
9.8999999999999808 9.75093
9.9999999999999805 10.638
