0 1
0.10000000000000001 1
0.20000000000000001 1
0.30000000000000004 8
0.40000000000000002 10.405
0.5 12.265
0.59999999999999998 14.5809
0.69999999999999996 4
0.79999999999999993 8.07116
0.89999999999999991 10.837
0.99999999999999989 14.4127
1.0999999999999999 16.9082
1.2 1
1.3 9.75093
1.4000000000000001 13.0911
1.5000000000000002 15.2817
1.6000000000000003 7
1.7000000000000004 9.96775
1.8000000000000005 12.6331
1.9000000000000006 1
2.0000000000000004 7.22412
2.1000000000000005 10.0259
2.2000000000000006 11.8611
2.3000000000000007 14.6594
2.4000000000000008 17.4089
2.5000000000000009 4
2.600000000000001 10.6907
2.7000000000000011 13.4358
2.8000000000000012 1
2.9000000000000012 9.01415
3.0000000000000013 11.7269
3.1000000000000014 13.5523
3.2000000000000015 4
3.3000000000000016 8.14301
3.4000000000000017 10.8904
3.5000000000000018 4
3.6000000000000019 7.30649
3.700000000000002 9.88378
3.800000000000002 4.92064
3.9000000000000021 7.5262
4.0000000000000018 10.1462
4.1000000000000014 11.8787
4.2000000000000011 6.42297
4.3000000000000007 9.14389
4.4000000000000004 11.3059
4.5 4
4.5999999999999996 7.30649
4.6999999999999993 9.14389
4.7999999999999989 2
4.8999999999999986 5.68862
4.9999999999999982 1
5.0999999999999979 5.97588
5.1999999999999975 8.48916
5.2999999999999972 10.3083
5.3999999999999968 6.09935
5.4999999999999964 9.14389
5.5999999999999961 11.0363
5.6999999999999957 13.7849
5.7999999999999954 17.5003
5.899999999999995 19.4001
5.9999999999999947 4
6.0999999999999943 11.3681
6.199999999999994 13.394
6.2999999999999936 2
6.3999999999999932 9.72043
6.4999999999999929 11.8611
6.5999999999999925 1
6.6999999999999922 7.22412
6.7999999999999918 10.1256
6.8999999999999915 12.7577
6.9999999999999911 4
7.0999999999999908 8.14301
7.1999999999999904 10.9822
7.2999999999999901 12.8361
7.3999999999999897 15.5228
7.4999999999999893 1
7.599999999999989 8.95059
7.6999999999999886 11.5919
7.7999999999999883 14.3732
7.8999999999999879 4
7.9999999999999876 9.96775
8.0999999999999872 12.3925
8.1999999999999869 1
8.2999999999999865 7.22412
8.3999999999999861 9.07844
8.4999999999999858 1
8.5999999999999854 6.42297
8.6999999999999851 8.21603
8.7999999999999847 1
8.8999999999999844 5.68862
8.999999999999984 8.64776
9.0999999999999837 11.0921
9.1999999999999833 4
9.2999999999999829 7.70967
9.3999999999999826 10.0851
9.4999999999999822 1
9.5999999999999819 5.57776
9.6999999999999815 8.21603
9.7999999999999812 9.88378
9.8999999999999808 4
9.9999999999999805 4.92064
