0 1
0.10000000000000001 1
0.20000000000000001 32
0.30000000000000004 8
0.40000000000000002 16.1868
0.5 3
0.59999999999999998 7
0.69999999999999996 2
0.79999999999999993 5.50703
0.89999999999999991 6.82236
0.99999999999999989 4.16441
1.0999999999999999 6.77034
1.2 8.60696
1.3 5.68862
1.4000000000000001 8.29104
1.5000000000000002 10.7238
1.6000000000000003 4
1.7000000000000004 8.21603
1.8000000000000005 10.8528
1.9000000000000006 1
2.0000000000000004 6.42297
2.1000000000000005 8.21603
2.2000000000000006 1
2.3000000000000007 4.92064
2.4000000000000008 6.51909
2.5000000000000009 2
2.600000000000001 5.97588
2.7000000000000011 8.12537
2.8000000000000012 1
2.9000000000000012 5.68862
3.0000000000000013 8.29104
3.1000000000000014 10.9095
3.2000000000000015 4
3.3000000000000016 7.30649
3.4000000000000017 9.14389
3.5000000000000018 4
3.6000000000000019 6.51909
3.700000000000002 8.29104
3.800000000000002 4.25
3.9000000000000021 7.3909
4.0000000000000018 10.1462
4.1000000000000014 1
4.2000000000000011 7.30649
4.3000000000000007 10.0851
4.4000000000000004 11.9112
4.5 5.57776
4.5999999999999996 8.21603
4.6999999999999993 9.88378
4.7999999999999989 4
4.8999999999999986 6.51909
4.9999999999999982 7.91801
5.0999999999999979 5.05378
5.1999999999999975 7.61288
5.2999999999999972 9.38974
5.3999999999999968 4.92064
5.4999999999999964 7.3909
5.5999999999999961 10.1462
5.6999999999999957 2
5.7999999999999954 6.42297
5.899999999999995 9.14389
5.9999999999999947 2
6.0999999999999943 5.68862
6.199999999999994 8.29104
6.2999999999999936 1
6.3999999999999932 6.51909
6.4999999999999929 9.21125
6.5999999999999925 10.9095
6.6999999999999922 6.42297
6.7999999999999918 9.14389
6.8999999999999915 11.0363
6.9999999999999911 2
7.0999999999999908 7.30649
7.1999999999999904 9.14389
7.2999999999999901 2
7.3999999999999897 5.68862
7.4999999999999893 7.3909
7.599999999999989 4.16441
7.6999999999999886 6.77034
7.7999999999999883 8.48916
7.8999999999999879 4
7.9999999999999876 7.11243
8.0999999999999872 9.21125
8.1999999999999869 1
8.2999999999999865 5.57776
8.3999999999999861 8.21603
8.4999999999999858 9.88378
8.5999999999999854 4.92064
8.6999999999999851 7.3909
8.7999999999999847 8.8775
8.8999999999999844 5.68862
8.999999999999984 8.29104
9.0999999999999837 10.439
9.1999999999999833 5
9.2999999999999829 8.21603
9.3999999999999826 11.0363
9.4999999999999822 1
9.5999999999999819 6.42297
9.6999999999999815 8.57591
9.7999999999999812 1
9.8999999999999808 4.92064
9.9999999999999805 5.68862
