0 1
0.10000000000000001 1
0.20000000000000001 29
0.30000000000000004 7
0.40000000000000002 14.5616
0.5 17.3844
0.59999999999999998 19.2956
0.69999999999999996 22.1915
0.79999999999999993 25.1115
0.89999999999999991 26.9566
0.99999999999999989 8
1.0999999999999999 15.1378
1.2 16.9489
1.3 8.95059
1.4000000000000001 11.5919
1.5000000000000002 13.4358
1.6000000000000003 6.32883
1.7000000000000004 10.0259
1.8000000000000005 11.8611
1.9000000000000006 2
2.0000000000000004 8.0183
2.1000000000000005 10.0259
2.2000000000000006 12.2769
2.3000000000000007 15.5228
2.4000000000000008 17.4089
2.5000000000000009 8
2.600000000000001 11.5919
2.7000000000000011 13.4358
2.8000000000000012 1
2.9000000000000012 9.01415
3.0000000000000013 11.7269
3.1000000000000014 13.5523
3.2000000000000015 6.32883
3.3000000000000016 9.07844
3.4000000000000017 10.9822
3.5000000000000018 14.5909
3.6000000000000019 17.4089
3.700000000000002 19.3178
3.800000000000002 8
3.9000000000000021 12.463
4.0000000000000018 14.5424
4.1000000000000014 2
4.2000000000000011 9.96775
4.3000000000000007 12.5534
4.4000000000000004 1
4.5 6.93882
4.5999999999999996 9.18859
4.6999999999999993 11.8611
4.7999999999999989 14.5909
4.8999999999999986 16.8831
4.9999999999999982 2
5.0999999999999979 10.5964
5.1999999999999975 13.0573
5.2999999999999972 1
5.3999999999999968 8.07116
5.4999999999999964 10.837
5.5999999999999961 13.5523
5.6999999999999957 3
5.7999999999999954 8.14301
5.899999999999995 10.6101
5.9999999999999947 12.8361
6.0999999999999943 16.4625
6.199999999999994 18.7922
6.2999999999999936 2
6.3999999999999932 11.5434
6.4999999999999929 14.3341
6.5999999999999925 1
6.6999999999999922 9.01415
6.7999999999999918 11.7269
6.8999999999999915 13.5523
6.9999999999999911 4
7.0999999999999908 9.07844
7.1999999999999904 10.9822
7.2999999999999901 13.6685
7.3999999999999897 16.4625
7.4999999999999893 1
7.599999999999989 9.28168
7.6999999999999886 12.508
7.7999999999999883 14.3732
7.8999999999999879 4
7.9999999999999876 9.96775
8.0999999999999872 12.6331
8.1999999999999869 1
8.2999999999999865 7.22412
8.3999999999999861 10.0259
8.4999999999999858 11.8611
8.5999999999999854 15.5228
8.6999999999999851 18.361
8.7999999999999847 1
8.8999999999999844 10.638
8.999999999999984 13.394
9.0999999999999837 15.2817
9.1999999999999833 7.14286
9.2999999999999829 10.837
9.3999999999999826 13.024
9.4999999999999822 2
9.5999999999999819 8.14301
9.6999999999999815 10.0259
9.7999999999999812 12.7577
9.8999999999999808 15.5228
9.9999999999999805 16.4625
