0 1
0.10000000000000001 1
0.20000000000000001 1
0.30000000000000004 8
0.40000000000000002 10.5011
0.5 12.4275
0.59999999999999998 1
0.69999999999999996 7.14286
0.79999999999999993 9.45
0.89999999999999991 1
0.99999999999999989 6.42297
1.0999999999999999 9.14389
1.2 10.9449
1.3 6.42297
1.4000000000000001 9.14389
1.5000000000000002 11.0363
1.6000000000000003 4
1.7000000000000004 8.09245
1.8000000000000005 10.0851
1.9000000000000006 1
2.0000000000000004 5.57776
2.1000000000000005 8.21603
2.2000000000000006 9.88378
2.3000000000000007 4.92064
2.4000000000000008 6.51909
2.5000000000000009 3.33333
2.600000000000001 6.77034
2.7000000000000011 9.38974
2.8000000000000012 1
2.9000000000000012 7.30649
3.0000000000000013 10.0851
3.1000000000000014 11.9951
3.2000000000000015 15.561
3.3000000000000016 18.4476
3.4000000000000017 1
3.5000000000000018 9.32932
3.6000000000000019 12.301
3.700000000000002 14.3341
3.800000000000002 7.14286
3.9000000000000021 10.837
4.0000000000000018 12.6331
4.1000000000000014 1
4.2000000000000011 8.73956
4.3000000000000007 10.9822
4.4000000000000004 1
4.5 6.32883
4.5999999999999996 9.07844
4.6999999999999993 11.5177
4.7999999999999989 14.2433
4.8999999999999986 16.4625
4.9999999999999982 1
5.0999999999999979 9.80842
5.1999999999999975 12.508
5.2999999999999972 1
5.3999999999999968 8.07116
5.4999999999999964 10.837
5.5999999999999961 12.8691
5.6999999999999957 2
5.7999999999999954 8.14301
5.899999999999995 10.0259
5.9999999999999947 2
6.0999999999999943 7.30649
6.199999999999994 9.14389
6.2999999999999936 1
6.3999999999999932 7.30649
6.4999999999999929 9.57377
6.5999999999999925 11.9112
6.6999999999999922 5.57776
6.7999999999999918 9.14389
6.8999999999999915 11.0363
6.9999999999999911 2
7.0999999999999908 6.73066
7.1999999999999904 9.14389
7.2999999999999901 2
7.3999999999999897 5.68862
7.4999999999999893 1
7.599999999999989 5.05378
7.6999999999999886 8.12537
7.7999999999999883 10.3083
7.8999999999999879 4
7.9999999999999876 8.21603
8.0999999999999872 11.0363
8.1999999999999869 12.8824
8.2999999999999865 16.5592
8.3999999999999861 19.1403
8.4999999999999858 2
8.5999999999999854 10.638
8.6999999999999851 12.9369
8.7999999999999847 1
8.8999999999999844 8.78802
8.999999999999984 11.7269
9.0999999999999837 13.5523
9.1999999999999833 6.32883
9.2999999999999829 10.0259
9.3999999999999826 11.8611
9.4999999999999822 2
9.5999999999999819 8.0183
9.6999999999999815 10.0259
9.7999999999999812 11.8611
9.8999999999999808 15.3279
9.9999999999999805 16.2789
