0.20272 10600
0.40048 145600
0.60064 702000
0.80032 1248000
1.000016 1248000
1.200512 1253200
1.400192 1248000
1.600016 1253200
1.800384 1248000
2.000064 1248000
2.200576 1253200
2.400256 1248000
2.600032 1253200
2.800448 1248000
3.000128 1248000
3.20064 1253200
3.40032 1248000
3.600016 1248000
3.800512 1253200
4.000192 1248000
4.200016 1253200
4.400384 1248000
4.600064 1248000
4.800576 1253200
5.000256 1248000
5.200016 1237600
5.400528 1107600
5.600336 925600
5.80008 795600
6.000016 629200
6.200016 587600
6.400496 457600
6.600592 301600
6.800368 265200
7.000304 327600
7.200048 312000
7.400032 301600
7.600016 171600
7.8004 156000
8.000272 36400
8.200032 15600
8.400496 67600
8.600016 109200
8.8004 156000
9.000272 192400
9.200528 239200
9.400624 280800
9.600304 312000
9.800384 317200
10.000656 473200
10.200112 483600
10.4 332800
10.600544 239200
10.800528 0
11.000304 5200
11.20008 0
11.400624 15600
11.600432 20800
11.800512 41600
12.000208 31200
12.200016 31200
12.400032 46800
12.600464 88400
12.800144 72800
13 104000
13.200336 119600
13.400016 140400
13.60056 161200
13.80024 218400
14.000032 182000
14.200672 213200
14.4 187200
14.60008 234000
14.800592 213200
15.000272 280800
15.2 234000
15.400382 239200
15.60072 135200
15.800464 119600
16.000448 41600
16.20024 5200
16.400016 52000
16.60056 26000
16.80024 52000
17 41600
17.200432 41600
17.400112 62400
17.600624 57200
17.800304 57200
18.000208 72800
18.200048 67600
18.400592 78000
18.600592 52000
18.800016 5200
19.000128 36400
19.2 78000
19.400336 72800
19.600048 93600
19.80056 166400
19.9996 72800
