0 1
0.10000000000000001 1
0.20000000000000001 2
0.30000000000000004 8
0.40000000000000002 16
0.5 64
0.59999999999999998 80.6226
0.69999999999999996 82.1098
0.79999999999999993 83.5586
0.89999999999999991 84.9827
0.99999999999999989 86.3833
1.0999999999999999 87.7616
1.2 89.1297
1.3 90.4661
1.4000000000000001 91.7831
1.5000000000000002 93.0814
1.6000000000000003 94.3619
1.7000000000000004 95.6357
1.8000000000000005 96.8824
1.9000000000000006 98.1132
2.0000000000000004 99.3288
2.1000000000000005 100.53
2.2000000000000006 101.726
2.3000000000000007 102.899
2.4000000000000008 104.059
2.5000000000000009 105.206
2.600000000000001 106.34
2.7000000000000011 107.472
2.8000000000000012 108.583
2.9000000000000012 109.683
3.0000000000000013 110.772
3.1000000000000014 111.85
3.2000000000000015 112.926
3.3000000000000016 113.984
3.4000000000000017 115.032
3.5000000000000018 116.071
3.6000000000000019 117.1
3.700000000000002 118.12
3.800000000000002 119.14
3.9000000000000021 120.143
4.0000000000000018 121.138
4.1000000000000014 122.125
4.2000000000000011 123.103
4.3000000000000007 124.082
4.4000000000000004 125.046
4.5 126.002
4.5999999999999996 126.951
4.6999999999999993 127.892
4.7999999999999989 128.835
4.8999999999999986 129.763
4.9999999999999982 130.685
5.0999999999999979 131.6
5.1999999999999975 132.493
5.2999999999999972 133.374
5.3999999999999968 134.159
5.4999999999999964 134.82
5.5999999999999961 135.494
5.6999999999999957 136.083
5.7999999999999954 136.684
5.899999999999995 40
5.9999999999999947 40.025
6.0999999999999943 41.2072
6.199999999999994 42.4271
6.2999999999999936 43.406
6.3999999999999932 21.9892
6.4999999999999929 22.7059
6.5999999999999925 23.9919
6.6999999999999922 24.9329
6.7999999999999918 25.8783
6.8999999999999915 26.8276
6.9999999999999911 28.174
7.0999999999999908 29.4927
7.1999999999999904 30.4606
7.2999999999999901 15.4909
7.3999999999999897 15.811
7.4999999999999893 17.438
7.599999999999989 18.3885
7.6999999999999886 9.48907
7.7999999999999883 9.59446
7.8999999999999879 9.59446
7.9999999999999876 1
8.0999999999999872 2
8.1999999999999869 4
8.2999999999999865 4.92064
8.3999999999999861 5.68862
8.4999999999999858 7.3909
8.5999999999999854 8.29104
8.6999999999999851 10.1462
8.7999999999999847 11.0921
8.8999999999999844 13.0075
8.999999999999984 13.9737
9.0999999999999837 15.792
9.1999999999999833 16.7166
9.2999999999999829 18.589
9.3999999999999826 19.6878
9.4999999999999822 21.4405
9.5999999999999819 22.4442
9.6999999999999815 23.7865
9.7999999999999812 25.2955
9.8999999999999808 26.9801
9.9999999999999805 28.3897
10.09999999999998 30.1668
10.19999999999998 31.37
10.299999999999979 32.682
10.399999999999979 33.5581
10.499999999999979 16.9864
10.599999999999978 17.0453
10.699999999999978 17.0453
10.799999999999978 1
10.899999999999977 2
10.999999999999977 2
11.099999999999977 2
11.199999999999976 2
11.299999999999976 1
11.399999999999975 2.9
11.499999999999975 3.55301
11.599999999999975 4.09525
11.699999999999974 2.04763
11.799999999999974 2.536
11.899999999999974 4.11607
11.999999999999973 4.80637
12.099999999999973 2.40318
12.199999999999973 2.8193
12.299999999999972 3.48906
12.399999999999972 5.15515
12.499999999999972 6.06137
12.599999999999971 6.99176
12.699999999999971 7.81002
12.799999999999971 8.6661
12.89999999999997 9.54981
12.99999999999997 10.4542
13.099999999999969 11.3743
13.199999999999969 12.3067
13.299999999999969 14.1985
13.399999999999968 15.1546
13.499999999999968 16.116
13.599999999999968 17.0816
13.699999999999967 18.051
13.799999999999967 19.0234
13.899999999999967 19.9985
13.999999999999966 20.9281
14.099999999999966 10.7472
14.199999999999966 10.9325
14.299999999999965 12.6359
14.399999999999965 14.205
14.499999999999964 15.4229
14.599999999999964 16.9694
14.699999999999964 18.2766
14.799999999999963 19.2376
14.899999999999963 20.2024
14.999999999999963 21.2176
15.099999999999962 22.2313
15.199999999999962 23.2007
15.299999999999962 24.1726
15.399999999999961 12.4734
15.499999999999961 13.4037
15.599999999999961 14.3432
15.69999999999996 15.2902
15.79999999999996 7.80724
15.899999999999959 7.93533
15.999999999999959 7.93533
16.099999999999959 1
16.19999999999996 2
16.299999999999962 3.33333
16.399999999999963 3.90856
16.499999999999964 4.84749
16.599999999999966 5.62582
16.699999999999967 2.90179
16.799999999999969 3.2464
16.89999999999997 4.99852
16.999999999999972 5.75577
17.099999999999973 2.96475
17.199999999999974 3.30205
17.299999999999976 4.13987
17.399999999999977 5.03378
17.499999999999979 6.75557
17.59999999999998 7.59978
17.699999999999982 3.93035
17.799999999999983 4.18478
17.899999999999984 5.07041
17.999999999999986 5.98987
18.099999999999987 7.62381
18.199999999999989 8.49894
18.29999999999999 9.39858
18.399999999999991 9.91905
18.499999999999993 4.95952
18.599999999999994 5.16116
18.699999999999996 5.16116
18.799999999999997 2
18.899999999999999 2.9
19 4.33944
19.100000000000001 5.19763
19.200000000000003 7.02286
19.300000000000004 7.96541
19.400000000000006 8.80618
19.500000000000007 9.67696
19.600000000000009 10.5704
19.70000000000001 11.4811
19.800000000000011 12.4054
19.900000000000013 13.4153
