0.200072 114600
0.400075 218400
0.600147 306800
0.800067 208000
1.000048 187200
1.200019 202800
1.400002 228800
1.600003 228800
1.800008 202800
2.000011 208000
2.200083 171600
2.400003 130000
2.60005 161200
2.800195 192400
3.000075 260000
3.200022 223600
3.400067 270400
3.600147 239200
3.800027 280800
4.000018 390000
4.200019 322400
4.400016 62400
4.600093 41600
4.800013 78000
5.000093 93600
5.200022 135200
5.40001 161200
5.600037 395200
5.80001 332800
6.000015 353600
6.20001 306800
6.400221 296400
6.600101 286000
6.80009 234000
7.00001 202800
7.200005 228800
7.400045 202800
7.600028 228800
7.800011 374400
8.000034 478400
8.200037 379600
8.400109 374400
8.600029 332800
8.80001 260000
9.000098 239200
9.200101 239200
9.40003 254800
9.60001 228800
9.800005 213200
9.944907 124800
