0.200072 104200
0.400075 234000
0.600147 275600
0.800067 171600
1.000048 374400
1.200019 410800
1.400002 364000
1.600003 322400
1.800008 280800
2.000011 228800
2.200083 228800
2.400003 421200
2.60005 306800
2.800195 306800
3.000075 312000
3.200022 254800
3.400067 254800
3.600147 275600
3.800027 343200
4.000018 332800
4.200019 374400
4.400016 265200
4.600093 291200
4.800013 317200
5.000093 291200
5.200022 379600
5.40001 358800
5.600037 161200
5.80001 5200
6.000015 0
6.20001 62400
6.400221 166400
6.600101 208000
6.80009 213200
7.00001 161200
7.200005 156000
7.400045 218400
7.600028 223600
7.800011 202800
8.000034 176800
8.200037 197600
8.400109 192400
8.600029 239200
8.80001 400400
9.000098 457600
9.200101 384800
9.40003 358800
9.60001 312000
9.800005 260000
9.944907 187200
