0.200072 156200
0.400075 291200
0.600147 140400
0.800067 104000
1.000048 109200
1.200019 150800
1.400002 202800
1.600003 202800
1.800008 254800
2.000011 176800
2.200083 192400
2.400003 88400
2.60005 171600
2.800195 176800
3.000075 187200
3.200022 239200
3.400067 202800
3.600147 213200
3.800027 98800
4.000018 15600
4.200019 31200
4.400016 130000
4.600093 192400
4.800013 156000
5.000093 244400
5.200022 223600
5.40001 234000
5.600037 119600
5.80001 182000
6.000015 249600
6.20001 223600
6.400221 218400
6.600101 234000
6.80009 369200
7.00001 442000
7.200005 421200
7.400045 358800
7.600028 343200
7.800011 265200
8.000034 239200
8.200037 239200
8.400109 244400
8.600029 239200
8.80001 182000
9.000098 202800
9.200101 228800
9.40003 228800
9.60001 254800
9.800005 176800
9.944907 109200
