0.200072 145800
0.400075 265200
0.600147 416000
0.800067 670800
1.000048 426400
1.200019 338000
1.400002 301600
1.600003 265200
1.800008 260000
2.000011 239200
2.200083 223600
2.400003 390000
2.60005 358800
2.800195 312000
3.000075 254800
3.200022 260000
3.400067 312000
3.600147 265200
3.800027 322400
4.000018 431600
4.200019 364000
4.400016 98800
4.600093 306800
4.800013 306800
5.000093 291200
5.200022 156000
5.40001 109200
5.600037 301600
5.80001 353600
6.000015 327600
6.20001 332800
6.400221 265200
6.600101 244400
6.80009 218400
7.00001 223600
7.200005 234000
7.400045 244400
7.600028 228800
7.800011 202800
8.000034 176800
8.200037 197600
8.400109 192400
8.600029 213200
8.80001 202800
9.000098 176800
9.200101 197600
9.40003 202800
9.60001 254800
9.800005 395200
9.944907 343200
