0.200072 73000
0.400075 239200
0.600147 109200
0.800067 98800
1.000048 150800
1.200019 145600
1.400002 156000
1.600003 228800
1.800008 254800
2.000011 395200
2.200083 431600
2.400003 223600
2.60005 249600
2.800195 265200
3.000075 234000
3.200022 270400
3.400067 213200
3.600147 254800
3.800027 202800
4.000018 83200
4.200019 156000
4.400016 306800
4.600093 395200
4.800013 395200
5.000093 327600
5.200022 358800
5.40001 384800
5.600037 187200
5.80001 374400
6.000015 322400
6.20001 322400
6.400221 306800
6.600101 275600
6.80009 213200
7.00001 223600
7.200005 208000
7.400045 223600
7.600028 228800
7.800011 202800
8.000034 182000
8.200037 234000
8.400109 244400
8.600029 228800
8.80001 202800
9.000098 176800
9.200101 197600
9.40003 202800
9.60001 202800
9.800005 202800
9.944907 135200
