0.200072 0
0.400075 0
0.600147 0
0.800067 0
1.000048 0
1.200019 0
1.400002 0
1.600003 0
1.800008 0
2.000011 0
2.200083 0
2.400003 0
2.60005 0
2.800195 0
3.000075 0
3.200022 43050
3.400067 34650
3.600147 34650
3.800027 37800
4.000018 36750
4.200019 37800
4.400016 43050
4.600093 39900
4.800013 37800
5.000093 38850
5.200022 37800
5.40001 37800
5.600037 40950
5.80001 39900
6.000015 34650
6.20001 7350
6.400221 0
6.600101 0
6.80009 0
7.00001 0
7.200005 0
7.400045 0
7.600028 0
7.800011 0
8.000034 0
8.200037 0
8.400109 0
8.600029 0
8.80001 0
9.000098 0
9.200101 0
9.40003 0
9.60001 0
9.800005 0
9.944907 0
