0 1
0.10000000000000001 1
0.20000000000000001 16
0.30000000000000004 8
0.40000000000000002 9.70539
0.5 4
0.59999999999999998 5.68862
0.69999999999999996 2.9
0.79999999999999993 5.19763
0.89999999999999991 7.02286
0.99999999999999989 3.33333
1.0999999999999999 5.97588
1.2 1
1.3 5.05378
1.4000000000000001 7.61288
1.5000000000000002 10.3083
1.6000000000000003 4
1.7000000000000004 8.21603
1.8000000000000005 11.0363
1.9000000000000006 12.8824
2.0000000000000004 16.5592
2.1000000000000005 19.1926
2.2000000000000006 2
2.3000000000000007 9.75093
2.4000000000000008 12.2191
2.5000000000000009 4
2.600000000000001 9.07844
2.7000000000000011 11.8611
2.8000000000000012 1
2.9000000000000012 7.76276
3.0000000000000013 10.2244
3.1000000000000014 11.8611
3.2000000000000015 13.2967
3.3000000000000016 14.6594
3.4000000000000017 16.1554
3.5000000000000018 16.8237
3.6000000000000019 18.1966
3.700000000000002 18.7922
3.800000000000002 2
3.9000000000000021 5
4.0000000000000018 9.64727
4.1000000000000014 10.4475
4.2000000000000011 11.63
4.3000000000000007 12.9369
4.4000000000000004 14.6796
4.5 16.6016
4.5999999999999996 18.1025
4.6999999999999993 19.5903
4.7999999999999989 20.5384
4.8999999999999986 21.7689
4.9999999999999982 23.1505
5.0999999999999979 23.7902
5.1999999999999975 25.1402
5.2999999999999972 25.7693
5.3999999999999968 1
5.4999999999999964 3
5.5999999999999961 13.6767
5.6999999999999957 15.2038
5.7999999999999954 16.4083
5.899999999999995 17.8134
5.9999999999999947 19.2196
6.0999999999999943 1
6.199999999999994 10.3942
6.2999999999999936 13.2015
6.3999999999999932 14.9131
6.4999999999999929 8.07116
6.5999999999999925 10.837
6.6999999999999922 12.6331
6.7999999999999918 4
6.8999999999999915 8.26582
6.9999999999999911 10.8904
7.0999999999999908 5.57776
7.1999999999999904 8.45768
7.2999999999999901 11.0363
7.3999999999999897 1
7.4999999999999893 7.30649
7.599999999999989 10.0851
7.6999999999999886 11.9112
7.7999999999999883 5.57776
7.8999999999999879 8.21603
7.9999999999999876 10.0851
8.0999999999999872 5.57776
8.1999999999999869 8.21603
8.2999999999999865 10.476
8.3999999999999861 1
8.4999999999999858 7.30649
8.5999999999999854 10.0851
8.6999999999999851 11.9112
8.7999999999999847 5.57776
8.8999999999999844 8.09245
8.999999999999984 9.88378
9.0999999999999837 5.50703
9.1999999999999833 8.29104
9.2999999999999829 10.1462
9.3999999999999826 4
9.4999999999999822 8.21603
9.5999999999999819 10.0851
9.6999999999999815 1
9.7999999999999812 5.57776
9.8999999999999808 8.21603
9.9999999999999805 9.14389
