0 1
0.10000000000000001 1
0.20000000000000001 1
0.30000000000000004 8
0.40000000000000002 10.405
0.5 12.265
0.59999999999999998 14.5809
0.69999999999999996 4
0.79999999999999993 8.07116
0.89999999999999991 10.837
0.99999999999999989 14.4127
1.0999999999999999 16.9082
1.2 1
1.3 9.75093
1.4000000000000001 13.0911
1.5000000000000002 15.2817
1.6000000000000003 7
1.7000000000000004 9.96775
1.8000000000000005 12.6331
1.9000000000000006 1
2.0000000000000004 7.22412
2.1000000000000005 10.0259
2.2000000000000006 11.8611
2.3000000000000007 14.6594
2.4000000000000008 17.4089
2.5000000000000009 4
2.600000000000001 10.6907
2.7000000000000011 13.4358
2.8000000000000012 1
2.9000000000000012 9.01415
3.0000000000000013 11.7269
3.1000000000000014 12.7909
3.2000000000000015 14.2025
3.3000000000000016 15.3554
3.4000000000000017 16.5489
3.5000000000000018 17.8309
3.6000000000000019 18.708
3.700000000000002 20.1012
3.800000000000002 20.7868
3.9000000000000021 22.2747
4.0000000000000018 23.7113
4.1000000000000014 24.5002
4.2000000000000011 25.8517
4.3000000000000007 2
4.4000000000000004 11
4.5 13.4206
4.5999999999999996 15.305
4.6999999999999993 16.7432
4.7999999999999989 18.1222
4.8999999999999986 18.933
4.9999999999999982 20.2614
5.0999999999999979 21.0372
5.1999999999999975 22.0138
5.2999999999999972 23.4237
5.3999999999999968 24.3045
5.4999999999999964 1
5.5999999999999961 1
5.6999999999999957 1
5.7999999999999954 1
5.899999999999995 1
5.9999999999999947 1
6.0999999999999943 1
6.199999999999994 5.19763
6.2999999999999936 7.70809
6.3999999999999932 1
6.4999999999999929 6.51909
6.5999999999999925 9.10138
6.6999999999999922 11.0921
6.7999999999999918 2
6.8999999999999915 6.42297
6.9999999999999911 8.9211
7.0999999999999908 4.92064
7.1999999999999904 7.3909
7.2999999999999901 10.1462
7.3999999999999897 1
7.4999999999999893 7.30649
7.599999999999989 10.0851
7.6999999999999886 11.9112
7.7999999999999883 5.57776
7.8999999999999879 8.21603
7.9999999999999876 9.88378
8.0999999999999872 5.50703
8.1999999999999869 8.29104
8.2999999999999865 10.1462
8.3999999999999861 2
8.4999999999999858 8.21603
8.5999999999999854 10.3797
8.6999999999999851 12.8824
8.7999999999999847 16.1921
8.8999999999999844 18.4476
8.999999999999984 20.939
9.0999999999999837 10.5857
9.1999999999999833 13.7229
9.2999999999999829 16.2014
9.3999999999999826 5
9.4999999999999822 10.7843
9.5999999999999819 13.4358
9.6999999999999815 1
9.7999999999999812 8.07116
9.8999999999999808 10.837
9.9999999999999805 11.7269
