0 1
0.10000000000000001 1
0.20000000000000001 32
0.30000000000000004 8
0.40000000000000002 16.1868
0.5 3
0.59999999999999998 7
0.69999999999999996 2
0.79999999999999993 5.50703
0.89999999999999991 6.82236
0.99999999999999989 4.16441
1.0999999999999999 6.77034
1.2 8.60696
1.3 5.68862
1.4000000000000001 8.29104
1.5000000000000002 10.7238
1.6000000000000003 4
1.7000000000000004 8.21603
1.8000000000000005 10.8528
1.9000000000000006 1
2.0000000000000004 6.42297
2.1000000000000005 8.21603
2.2000000000000006 1
2.3000000000000007 4.92064
2.4000000000000008 6.51909
2.5000000000000009 2
2.600000000000001 5.97588
2.7000000000000011 8.12537
2.8000000000000012 1
2.9000000000000012 5.68862
3.0000000000000013 8.29104
3.1000000000000014 10.1462
3.2000000000000015 11.7085
3.3000000000000016 12.8523
3.4000000000000017 14.328
3.5000000000000018 14.9443
3.6000000000000019 16.2917
3.700000000000002 1
3.800000000000002 1
3.9000000000000021 1
4.0000000000000018 2.5
4.1000000000000014 3.24483
4.2000000000000011 3.55301
4.3000000000000007 4.99753
4.4000000000000004 6.09735
4.5 8.09095
4.5999999999999996 9.67696
4.6999999999999993 10.9438
4.7999999999999989 12.2425
4.8999999999999986 13.1892
4.9999999999999982 13.8566
5.0999999999999979 15.1027
5.1999999999999975 15.7522
5.2999999999999972 16.9767
5.3999999999999968 17.7835
5.4999999999999964 2
5.5999999999999961 8.24808
5.6999999999999957 9.80842
5.7999999999999954 11.2402
5.899999999999995 12.7463
5.9999999999999947 13.8039
6.0999999999999943 1
6.199999999999994 8.67272
6.2999999999999936 10.4597
6.3999999999999932 1
6.4999999999999929 7.30649
6.5999999999999925 10.0851
6.6999999999999922 12.4063
6.7999999999999918 15.6253
6.8999999999999915 18.4476
6.9999999999999911 20.3572
7.0999999999999908 8
7.1999999999999904 13.3525
7.2999999999999901 15.2454
7.3999999999999897 1
7.4999999999999893 10.6907
7.599999999999989 13.21
7.6999999999999886 1
7.7999999999999883 7.9453
7.8999999999999879 10.0681
7.9999999999999876 1
8.0999999999999872 6.42297
8.1999999999999869 9.88378
8.2999999999999865 11.9951
8.3999999999999861 1
8.4999999999999858 8.26582
8.5999999999999854 10.9822
8.6999999999999851 1
8.7999999999999847 6.42297
8.8999999999999844 9.14389
8.999999999999984 10.9449
9.0999999999999837 6.42297
9.1999999999999833 9.14389
9.2999999999999829 11.0363
9.3999999999999826 4
9.4999999999999822 8.21603
9.5999999999999819 10.8528
9.6999999999999815 1
9.7999999999999812 6.42297
9.8999999999999808 8.21603
9.9999999999999805 9.14389
