0 1
0.10000000000000001 1
0.20000000000000001 29
0.30000000000000004 7
0.40000000000000002 14.5616
0.5 17.3844
0.59999999999999998 19.2956
0.69999999999999996 22.1915
0.79999999999999993 25.1115
0.89999999999999991 26.9566
0.99999999999999989 8
1.0999999999999999 15.1378
1.2 16.9489
1.3 8.95059
1.4000000000000001 11.5919
1.5000000000000002 13.4358
1.6000000000000003 6.32883
1.7000000000000004 10.0259
1.8000000000000005 11.8611
1.9000000000000006 2
2.0000000000000004 8.0183
2.1000000000000005 10.0259
2.2000000000000006 12.2769
2.3000000000000007 15.5228
2.4000000000000008 17.4089
2.5000000000000009 8
2.600000000000001 11.5919
2.7000000000000011 13.4358
2.8000000000000012 1
2.9000000000000012 9.01415
3.0000000000000013 11.7269
3.1000000000000014 13.5523
3.2000000000000015 14.9587
3.3000000000000016 16.3049
3.4000000000000017 17.2018
3.5000000000000018 18.1095
3.6000000000000019 19.3913
3.700000000000002 20.2006
3.800000000000002 21.5901
3.9000000000000021 22.8952
4.0000000000000018 24.0466
4.1000000000000014 25.1452
4.2000000000000011 1
4.3000000000000007 2
4.4000000000000004 7
4.5 13.3457
4.5999999999999996 14.289
4.6999999999999993 15.7567
4.7999999999999989 17.1569
4.8999999999999986 18.6666
4.9999999999999982 19.4031
5.0999999999999979 1
5.1999999999999975 2
5.2999999999999972 7
5.3999999999999968 11.0499
5.4999999999999964 12.0909
5.5999999999999961 13.8682
5.6999999999999957 15.8891
5.7999999999999954 17.1622
5.899999999999995 18.6715
5.9999999999999947 19.9673
6.0999999999999943 21.4655
6.199999999999994 8
6.2999999999999936 11.6685
6.3999999999999932 2
6.4999999999999929 8.50603
6.5999999999999925 10.9822
6.6999999999999922 1
6.7999999999999918 6.32883
6.8999999999999915 9.07844
6.9999999999999911 11.0733
7.0999999999999908 5.57776
7.1999999999999904 8.21603
7.2999999999999901 10.9449
7.3999999999999897 1
7.4999999999999893 7.30649
7.599999999999989 10.0851
7.6999999999999886 11.9112
7.7999999999999883 5.57776
7.8999999999999879 8.21603
7.9999999999999876 9.88378
8.0999999999999872 4.92064
8.1999999999999869 8.29104
8.2999999999999865 10.1462
8.3999999999999861 2
8.4999999999999858 8.21603
8.5999999999999854 10.0851
8.6999999999999851 1
8.7999999999999847 5.57776
8.8999999999999844 8.21603
8.999999999999984 9.88378
9.0999999999999837 5.68862
9.1999999999999833 8.29104
9.2999999999999829 10.9095
9.3999999999999826 4
9.4999999999999822 8.21603
9.5999999999999819 11.0363
9.6999999999999815 12.8824
9.7999999999999812 16.5592
9.8999999999999808 19.1926
9.9999999999999805 20.1595
