0 1
0.10000000000000001 1
0.20000000000000001 1
0.30000000000000004 8
0.40000000000000002 10.5011
0.5 12.4275
0.59999999999999998 1
0.69999999999999996 7.14286
0.79999999999999993 9.45
0.89999999999999991 1
0.99999999999999989 6.42297
1.0999999999999999 9.14389
1.2 10.9449
1.3 6.42297
1.4000000000000001 9.14389
1.5000000000000002 11.0363
1.6000000000000003 4
1.7000000000000004 8.09245
1.8000000000000005 10.0851
1.9000000000000006 1
2.0000000000000004 5.57776
2.1000000000000005 8.21603
2.2000000000000006 9.88378
2.3000000000000007 4.92064
2.4000000000000008 6.51909
2.5000000000000009 3.33333
2.600000000000001 6.77034
2.7000000000000011 9.38974
2.8000000000000012 1
2.9000000000000012 7.30649
3.0000000000000013 10.0851
3.1000000000000014 11.9112
3.2000000000000015 13.1901
3.3000000000000016 14.0728
3.4000000000000017 15.1035
3.5000000000000018 16.3767
3.6000000000000019 16.9774
3.700000000000002 18.3387
3.800000000000002 19.5544
3.9000000000000021 20.8432
4.0000000000000018 21.8285
4.1000000000000014 23.2927
4.2000000000000011 24.0121
4.3000000000000007 1
4.4000000000000004 1
4.5 2
4.5999999999999996 3.83446
4.6999999999999993 4.99753
4.7999999999999989 6.09735
4.8999999999999986 6.87746
4.9999999999999982 8.09095
5.0999999999999979 8.80618
5.1999999999999975 10.0839
5.2999999999999972 11.5682
5.3999999999999968 12.2425
5.4999999999999964 13.4899
5.5999999999999961 15.2348
5.6999999999999957 16.6189
5.7999999999999954 18.1183
5.899999999999995 19.1919
5.9999999999999947 20.0593
6.0999999999999943 1
6.199999999999994 10.199
6.2999999999999936 13.0486
6.3999999999999932 14.9131
6.4999999999999929 8.07116
6.5999999999999925 10.837
6.6999999999999922 12.6331
6.7999999999999918 6.16667
6.8999999999999915 9.07844
6.9999999999999911 10.8904
7.0999999999999908 5.57776
7.1999999999999904 9.14389
7.2999999999999901 11.0363
7.3999999999999897 1
7.4999999999999893 8.09245
7.599999999999989 10.0851
7.6999999999999886 12.8043
7.7999999999999883 15.6253
7.8999999999999879 18.4476
7.9999999999999876 20.6501
8.0999999999999872 10.5857
8.1999999999999869 13.3525
8.2999999999999865 16.2014
8.3999999999999861 2
8.4999999999999858 10.6907
8.5999999999999854 13.4358
8.6999999999999851 1
8.7999999999999847 8.07116
8.8999999999999844 10.837
8.999999999999984 1
9.0999999999999837 7.30649
9.1999999999999833 10.0851
9.2999999999999829 11.9951
9.3999999999999826 4
9.4999999999999822 9.07844
9.5999999999999819 10.9822
9.6999999999999815 2
9.7999999999999812 7.0246
9.8999999999999808 9.14389
9.9999999999999805 10.0851
