0.200044 223800
0.40054 499200
0.600011 478400
0.800071 473200
1.000072 504400
1.200056 499200
1.400119 499200
1.600023 499200
1.800551 499200
2.000231 499200
2.200095 499200
2.400007 504400
2.600279 499200
2.800183 499200
3.000022 499200
3.20001 462800
3.40125 270400
3.600051 234000
3.800696 171600
4.00125 197600
4.200007 176800
4.4025 234000
4.600276 192400
4.800368 192400
5.000081 187200
5.201049 223600
5.400368 208000
5.600178 187200
5.80125 239200
6.000219 187200
6.200315 213200
6.400076 384800
6.600458 478400
6.800138 499200
7.000002 499200
7.200122 504400
7.400186 499200
7.60009 499200
7.800618 499200
8.000298 499200
8.200162 499200
8.400074 504400
8.600346 499200
8.800026 499200
9.000089 494000
9.200087 483600
9.40015 499200
9.600519 499200
9.800199 499200
9.977624 442000
