0.200044 0
0.40054 0
0.600011 0
0.800071 0
1.000072 0
1.200056 0
1.400119 0
1.600023 0
1.800551 0
2.000231 0
2.200095 0
2.400007 0
2.600279 0
2.800183 0
3.000022 0
3.20001 23100
3.40125 26250
3.600051 28350
3.800696 29400
4.00125 30450
4.200007 28350
4.4025 30450
4.600276 29400
4.800368 30450
5.000081 29400
5.201049 29400
5.400368 28350
5.600178 30450
5.80125 29400
6.000219 29400
6.200315 29400
6.400076 8400
6.600458 0
6.800138 0
7.000002 0
7.200122 0
7.400186 0
7.60009 0
7.800618 0
8.000298 0
8.200162 0
8.400074 0
8.600346 0
8.800026 0
9.000089 0
9.200087 0
9.40015 0
9.600519 0
9.800199 0
9.977624 0
