0 1
0.10000000000000001 1
0.20000000000000001 43
0.30000000000000004 80.1374
0.40000000000000002 1
0.5 15
0.59999999999999998 29
0.69999999999999996 1
0.79999999999999993 19
0.89999999999999991 22.2285
0.99999999999999989 24.2939
1.0999999999999999 26.1968
1.2 27.9703
1.3 29.6714
1.4000000000000001 31.2481
1.5000000000000002 32.7489
1.6000000000000003 34.1839
1.7000000000000004 35.5609
1.8000000000000005 36.8865
1.9000000000000006 38.166
2.0000000000000004 39.404
2.1000000000000005 40.6043
2.2000000000000006 41.77
2.3000000000000007 42.9041
2.4000000000000008 44.009
2.5000000000000009 45.0867
2.600000000000001 46.161
2.7000000000000011 47.1896
2.8000000000000012 48.1963
2.9000000000000012 49.1823
3.0000000000000013 50.149
3.1000000000000014 50.5661
3.2000000000000015 50.9601
3.3000000000000016 51.3512
3.4000000000000017 51.565
3.5000000000000018 51.7006
3.6000000000000019 51.9322
3.700000000000002 51.9707
3.800000000000002 52.1628
3.9000000000000021 52.2203
4.0000000000000018 52.2969
4.1000000000000014 52.5449
4.2000000000000011 52.583
4.3000000000000007 52.678
4.4000000000000004 52.8107
4.5 52.9053
4.5999999999999996 53.0563
4.6999999999999993 53.0563
4.7999999999999989 53.1881
4.8999999999999986 53.3571
4.9999999999999982 53.4508
5.0999999999999979 53.4882
5.1999999999999975 53.6376
5.2999999999999972 53.8051
5.3999999999999968 53.9722
5.4999999999999964 54.1017
5.5999999999999961 54.1756
5.6999999999999957 54.2863
5.7999999999999954 54.3967
5.899999999999995 54.4702
5.9999999999999947 54.5986
6.0999999999999943 54.6535
6.199999999999994 54.818
6.2999999999999936 55.579
6.3999999999999932 56.8247
6.4999999999999929 1
6.5999999999999925 4
6.6999999999999922 28.4959
6.7999999999999918 30.1343
6.8999999999999915 31.6879
6.9999999999999911 33.1688
7.0999999999999908 34.5863
7.1999999999999904 35.9479
7.2999999999999901 37.2865
7.3999999999999897 38.5528
7.4999999999999893 39.7788
7.599999999999989 40.968
7.6999999999999886 42.1237
7.7999999999999883 43.2485
7.8999999999999879 44.3448
7.9999999999999876 45.4146
8.0999999999999872 46.4597
8.1999999999999869 47.4819
8.2999999999999865 48.4825
8.3999999999999861 49.4628
8.4999999999999858 50.4241
8.5999999999999854 51.3868
8.6999999999999851 52.3128
8.7999999999999847 53.2226
8.8999999999999844 1
8.999999999999984 2
9.0999999999999837 26.7587
9.1999999999999833 28.4972
9.2999999999999829 30.1355
9.3999999999999826 31.6891
9.4999999999999822 33.1699
9.5999999999999819 34.5874
9.6999999999999815 35.9489
9.7999999999999812 37.2607
9.8999999999999808 38.5278
9.9999999999999805 39.5021
