    0.6000   80.6226
    0.7000   82.1098
    0.8000   83.5586
    0.9000   84.9827
    1.0000   86.3833
    1.1000   87.7616
    1.2000   89.1297
    1.3000   90.4661
    1.4000   91.7831
    1.5000   93.0814
    1.6000   94.3619
    1.7000   95.6357
    1.8000   96.8824
    1.9000   98.1132
    2.0000   99.3288
    2.1000  100.5300
    2.2000  101.7260
    2.3000  102.8990
    2.4000  104.0590
    2.5000  105.2060
    2.6000  106.3400
    2.7000  107.4720
    2.8000  108.5830
    2.9000  109.6830
    3.0000  110.7720
    3.1000  111.8500
    3.2000  112.9260
    3.3000  113.9840
    3.4000  115.0320
    3.5000  116.0710
    3.6000  117.1000
    3.7000  118.1200
    3.8000  119.1400
    3.9000  120.1430
    4.0000  121.1380
    4.1000  122.1250
    4.2000  123.1030
    4.3000  124.0820
    4.4000  125.0460
    4.5000  126.0020
    4.6000  126.9510
    4.7000  127.8920
    4.8000  128.8350
    4.9000  129.7630
    5.0000  130.6850
    5.1000  131.6000
    5.2000  132.4780
    5.3000  133.2610
    5.4000  133.9420
    5.5000  134.5080
