    7.2000    8.7228
    7.3000    9.6012
    7.4000   10.5011
    7.5000   11.4174
    7.6000   12.3465
    7.7000   13.2857
    7.8000   14.2330
    7.9000   15.1870
    8.0000   16.7554
    8.1000   18.0781
    8.2000   19.0492
    8.3000   20.0230
    8.4000   21.0944
    8.5000   22.3390
    8.6000   23.5177
    8.7000   24.7615
    8.8000   25.7132
    8.9000   26.6685
    9.0000   27.6269
    9.1000   28.9705
    9.2000   30.5179
    9.3000   32.1465
    9.4000   33.4280
    9.5000   35.1210
    9.6000   36.4351
    9.7000   38.3089
    9.8000   39.6182
    9.9000   41.2510
   10.0000   42.6811
   10.1000   44.2235
   10.2000   45.6919
   10.3000   47.1782
   10.4000   48.5779
   10.5000   49.6168
