   13.3000    4.1644
   13.4000    5.0538
   13.5000    6.3060
   13.6000    7.6129
   13.7000    8.4892
   13.8000   10.3083
   13.9000   11.6785
   14.0000   13.1341
   14.1000   14.7859
   14.2000   16.0220
   14.3000   17.9113
   14.4000   19.1018
   14.5000   20.7114
   14.6000   22.3391
   14.7000   23.5603
   14.8000   25.4788
   14.9000   26.5181
   15.0000   28.3774
   15.1000   29.8551
   15.2000   31.2949
   15.3000   32.7325
   15.4000   34.1388
   15.5000   35.2064
   15.6000   36.1873
   15.7000   37.1692
   15.8000   38.4653
   15.9000   39.5172
   16.0000   40.7386
   16.1000   41.7092

