0.20272 10600
0.40048 145600
0.60064 702000
0.80032 1248000
1.000016 1248000
1.200512 1253200
1.400192 1248000
1.600016 1253200
1.800384 1248000
2.000064 1248000
2.200576 1253200
2.400256 1248000
2.600032 1253200
2.800448 1248000
3.000128 1248000
3.20064 1253200
3.40032 1248000
3.600016 1248000
3.800512 1253200
4.000192 1248000
4.200016 1253200
4.400384 1248000
4.600064 1248000
4.800576 1253200
5.000256 1248000
5.200096 1216800
5.400624 904800
5.600368 889200
5.800592 72800
6.000384 104000
6.200368 83200
6.400208 78000
6.600112 197600
6.800048 150800
7.000016 88400
7.200112 67600
7.400624 88400
7.600304 171600
7.800016 140400
8.000496 161200
8.200176 192400
8.400032 296400
8.600432 223600
8.800112 244400
9.000624 338000
9.200624 447200
9.400032 520000
9.600208 566800
9.800512 624000
10.000032 639600
10.200208 702000
10.400096 650000
10.6 504400
10.800592 52000
11.000304 234000
11.200064 249600
11.40008 31200
11.600624 83200
11.80064 52000
12.000496 83200
12.200208 78000
12.400016 93600
12.60056 62400
12.800432 46800
13.000112 62400
13.2 52000
13.400032 62400
13.600368 57200
13.800432 124800
14.000032 208000
14.20032 265200
14.400496 265200
14.600064 312000
14.800067 358800
15.000307 436800
15.200005 504400
15.400371 416000
15.600083 358800
15.800035 525200
16.000499 462800
16.200227 421200
16.400483 46800
16.600275 72800
16.800227 52000
17.000003 67600
17.200035 41600
17.400595 41600
17.600019 26000
17.800035 20800
18.000467 36400
18.200339 93600
18.400019 78000
18.600531 98800
18.800211 124800
19.000019 213200
19.200435 171600
19.400115 192400
19.600035 213200
19.800371 228800
19.999795 244400
