0 1
0.10000000000000001 1
0.20000000000000001 2
0.30000000000000004 8
0.40000000000000002 16
0.5 64
0.59999999999999998 80.6226
0.69999999999999996 82.1098
0.79999999999999993 83.5586
0.89999999999999991 84.9827
0.99999999999999989 86.3833
1.0999999999999999 87.7616
1.2 89.1297
1.3 90.4661
1.4000000000000001 91.7831
1.5000000000000002 93.0814
1.6000000000000003 94.3619
1.7000000000000004 95.6357
1.8000000000000005 96.8824
1.9000000000000006 98.1132
2.0000000000000004 99.3288
2.1000000000000005 100.53
2.2000000000000006 101.726
2.3000000000000007 102.899
2.4000000000000008 104.059
2.5000000000000009 105.206
2.600000000000001 106.34
2.7000000000000011 107.472
2.8000000000000012 108.583
2.9000000000000012 109.683
3.0000000000000013 110.772
3.1000000000000014 111.85
3.2000000000000015 112.926
3.3000000000000016 113.984
3.4000000000000017 115.032
3.5000000000000018 116.071
3.6000000000000019 117.1
3.700000000000002 118.12
3.800000000000002 119.14
3.9000000000000021 120.143
4.0000000000000018 121.138
4.1000000000000014 122.125
4.2000000000000011 123.103
4.3000000000000007 124.082
4.4000000000000004 125.046
4.5 126.002
4.5999999999999996 126.951
4.6999999999999993 127.892
4.7999999999999989 128.835
4.8999999999999986 129.763
4.9999999999999982 130.685
5.0999999999999979 131.6
5.1999999999999975 132.478
5.2999999999999972 133.261
5.3999999999999968 133.942
5.4999999999999964 134.508
5.5999999999999961 1
5.6999999999999957 3
5.7999999999999954 8
5.899999999999995 16
5.9999999999999947 1
6.0999999999999943 2
6.199999999999994 5
6.2999999999999936 8
6.3999999999999932 12.0833
6.4999999999999929 12.8869
6.5999999999999925 13.7891
6.6999999999999922 15.629
6.7999999999999918 16.5627
6.8999999999999915 1
6.9999999999999911 2
7.0999999999999908 3
7.1999999999999904 8.72279
7.2999999999999901 9.60123
7.3999999999999897 10.5011
7.4999999999999893 11.4174
7.599999999999989 12.3465
7.6999999999999886 13.2857
7.7999999999999883 14.233
7.8999999999999879 15.187
7.9999999999999876 16.7554
8.0999999999999872 18.0781
8.1999999999999869 19.0492
8.2999999999999865 20.023
8.3999999999999861 21.0944
8.4999999999999858 22.339
8.5999999999999854 23.5177
8.6999999999999851 24.7615
8.7999999999999847 25.7132
8.8999999999999844 26.6685
8.999999999999984 27.6269
9.0999999999999837 28.9705
9.1999999999999833 30.5179
9.2999999999999829 32.1465
9.3999999999999826 33.428
9.4999999999999822 35.121
9.5999999999999819 36.4351
9.6999999999999815 38.3089
9.7999999999999812 39.6182
9.8999999999999808 41.251
9.9999999999999805 42.6811
10.09999999999998 44.2235
10.19999999999998 45.6919
10.299999999999979 47.1782
10.399999999999979 48.5779
10.499999999999979 49.6168
10.599999999999978 1
10.699999999999978 2
10.799999999999978 7
10.899999999999977 14
10.999999999999977 24.3313
11.099999999999977 25.22
11.199999999999976 1
11.299999999999976 4
11.399999999999975 8
11.499999999999975 12.3299
11.599999999999975 1
11.699999999999974 2
11.799999999999974 5
11.899999999999974 6.64099
11.999999999999973 7.49836
12.099999999999973 8.3868
12.199999999999973 9.29742
12.299999999999972 10.2244
12.399999999999972 10.8904
12.499999999999972 1
12.599999999999971 2
12.699999999999971 5.57776
12.799999999999971 6.42297
12.89999999999997 7.30649
12.99999999999997 7.96694
13.099999999999969 1
13.199999999999969 2
13.299999999999969 4.16441
13.399999999999968 5.05378
13.499999999999968 6.306
13.599999999999968 7.61288
13.699999999999967 8.48916
13.799999999999967 10.3083
13.899999999999967 11.6785
13.999999999999966 13.1341
14.099999999999966 14.7859
14.199999999999966 16.022
14.299999999999965 17.9113
14.399999999999965 19.1018
14.499999999999964 20.7114
14.599999999999964 22.3391
14.699999999999964 23.5603
14.799999999999963 25.4788
14.899999999999963 26.5181
14.999999999999963 28.3774
15.099999999999962 29.8551
15.199999999999962 31.2949
15.299999999999962 32.7325
15.399999999999961 34.1388
15.499999999999961 35.2064
15.599999999999961 36.1873
15.69999999999996 37.1692
15.79999999999996 38.4653
15.899999999999959 39.5172
15.999999999999959 40.7386
16.099999999999959 41.7092
16.19999999999996 1
16.299999999999962 2
16.399999999999963 7
16.499999999999964 14
16.599999999999966 1
16.699999999999967 2
16.799999999999969 3
16.89999999999997 7.14286
16.999999999999972 7.42017
17.099999999999973 7.6873
17.199999999999974 2
17.299999999999976 3
17.399999999999977 3.33333
17.499999999999979 4.16441
17.59999999999998 1
17.699999999999982 2.9
17.799999999999983 3.55301
17.899999999999984 4.33944
17.999999999999986 5.19763
18.099999999999987 6.09735
18.199999999999989 7.16526
18.29999999999999 8.57449
18.399999999999991 9.67696
18.499999999999993 10.5704
18.599999999999994 11.4811
18.699999999999996 12.4054
18.799999999999997 13.3404
18.899999999999999 14.2841
19 16.1914
19.100000000000001 17.1528
19.200000000000003 18.1183
19.300000000000004 19.0873
19.400000000000006 20.0593
19.500000000000007 21.0338
19.600000000000009 22.0106
19.70000000000001 22.9894
19.800000000000011 23.928
19.900000000000013 24.8715
