0.200072 73000
0.400075 176800
0.600147 187200
0.800067 114400
1.000048 140400
1.200019 124800
1.400002 93600
1.600003 119600
1.800008 124800
2.000011 135200
2.200083 124800
2.400003 119600
2.60005 119600
2.800072 109200
3.000075 114400
3.200147 119600
3.400067 140400
3.600048 119600
3.800019 119600
4.000002 124800
4.200019 119600
4.400008 119600
4.600011 124800
4.800083 119600
5.000003 114400
5.20005 145600
5.400072 93600
5.600075 124800
5.800147 135200
6.000067 124800
6.200048 119600
6.400019 119600
6.600002 109200
6.800019 119600
7.000008 156000
7.200011 93600
7.400083 124800
7.600003 119600
7.80005 130000
8.000072 130000
8.200075 119600
8.400005 109200
8.600067 130000
8.800048 104000
9.000019 119600
9.200002 119600
9.400003 150800
9.600008 114400
9.800011 119600
9.916658 57200
