0.200072 52200
0.400075 98800
0.600147 124800
0.800067 135200
1.000048 119600
1.200019 130000
1.400002 124800
1.600003 93600
1.800008 145600
2.000011 119600
2.200083 228800
2.400003 156000
2.60005 140400
2.800072 145600
3.000075 88400
3.200147 98800
3.400067 114400
3.600048 202800
3.800019 176800
4.000002 150800
4.200019 150800
4.400008 119600
4.600011 161200
4.800083 208000
5.000003 161200
5.20005 124800
5.400072 124800
5.600075 88400
5.800147 98800
6.000067 130000
6.200048 130000
6.400019 98800
6.600002 119600
6.800019 124800
7.000008 119600
7.200011 119600
7.400083 119600
7.600003 135200
7.80005 124800
8.000072 98800
8.200075 119600
8.400005 124800
8.600067 135200
8.800048 124800
9.000019 119600
9.200002 119600
9.400003 109200
9.600008 150800
9.800011 98800
9.916658 83200
