0.200072 52200
0.400075 98800
0.600147 124800
0.800067 156000
1.000048 109200
1.200019 119600
1.400002 130000
1.600003 119600
1.800008 124800
2.000011 119600
2.200083 104000
2.400003 140400
2.60005 119600
2.800072 124800
3.000075 114400
3.200147 119600
3.400067 119600
3.600048 119600
3.800019 109200
4.000002 150800
4.200019 124800
4.400008 119600
4.600011 124800
4.800083 93600
5.000003 114400
5.20005 124800
5.400072 208000
5.600075 192400
5.800147 166400
6.000067 119600
6.200048 114400
6.400019 161200
6.600002 218400
6.800019 150800
7.000008 124800
7.200011 124800
7.400083 98800
7.600003 114400
7.80005 114400
8.000072 208000
8.200075 187200
8.400005 140400
8.600067 130000
8.800048 104000
9.000019 93600
9.200002 119600
9.400003 119600
9.600008 124800
9.800011 93600
9.916658 83200
