0.200072 52200
0.400075 98800
0.600147 124800
0.800067 135200
1.000048 119600
1.200019 124800
1.400002 119600
1.600003 119600
1.800008 140400
2.000011 119600
2.200083 98800
2.400003 119600
2.60005 119600
2.800072 150800
3.000075 114400
3.200147 119600
3.400067 119600
3.600048 98800
3.800019 130000
4.000002 114400
4.200019 119600
4.400008 145600
4.600011 114400
4.800083 119600
5.000003 124800
5.20005 119600
5.400072 135200
5.600075 109200
5.800147 114400
6.000067 119600
6.200048 135200
6.400019 124800
6.600002 119600
6.800019 124800
7.000008 119600
7.200011 119600
7.400083 114400
7.600003 119600
7.80005 124800
8.000072 119600
8.200075 119600
8.400005 124800
8.600067 135200
8.800048 124800
9.000019 119600
9.200002 119600
9.400003 109200
9.600008 130000
9.800011 119600
9.916658 83200
