0.200072 52200
0.400075 104000
0.600147 98800
0.800067 156000
1.000048 109200
1.200019 135200
1.400002 114400
1.600003 119600
1.800008 124800
2.000011 119600
2.200083 124800
2.400003 119600
2.60005 135200
2.800072 109200
3.000075 114400
3.200147 119600
3.400067 119600
3.600048 140400
3.800019 119600
4.000002 124800
4.200019 119600
4.400008 119600
4.600011 124800
4.800083 114400
5.000003 119600
5.20005 119600
5.400072 119600
5.600075 124800
5.800147 119600
6.000067 130000
6.200048 130000
6.400019 104000
6.600002 124800
6.800019 114400
7.000008 119600
7.200011 135200
7.400083 124800
7.600003 119600
7.80005 124800
8.000072 109200
8.200075 130000
8.400005 124800
8.600067 114400
8.800048 119600
9.000019 119600
9.200002 119600
9.400003 140400
9.600008 124800
9.800011 93600
9.916658 83200
