0.200072 73000
0.400075 166400
0.600147 145600
0.800067 124800
1.000048 140400
1.200019 124800
1.400002 93600
1.600003 119600
1.800008 124800
2.000011 119600
2.200083 124800
2.400003 119600
2.60005 135200
2.800072 109200
3.000075 114400
3.200147 119600
3.400067 119600
3.600048 140400
3.800019 119600
4.000002 124800
4.200019 119600
4.400008 119600
4.600011 124800
4.800083 114400
5.000003 119600
5.20005 119600
5.400072 119600
5.600075 124800
5.800147 119600
6.000067 130000
6.200048 130000
6.400019 119600
6.600002 109200
6.800019 114400
7.000008 130000
7.200011 124800
7.400083 124800
7.600003 119600
7.80005 124800
8.000072 119600
8.200075 119600
8.400005 124800
8.600067 114400
8.800048 119600
9.000019 119600
9.200002 119600
9.400003 140400
9.600008 124800
9.800011 119600
9.916658 57200
