0.200072 52200
0.400075 98800
0.600147 124800
0.800067 114400
1.000048 140400
1.200019 124800
1.400002 119600
1.600003 119600
1.800008 114400
2.000011 130000
2.200083 114400
2.400003 119600
2.60005 119600
2.800072 124800
3.000075 119600
3.200147 130000
3.400067 130000
3.600048 98800
3.800019 130000
4.000002 114400
4.200019 119600
4.400008 135200
4.600011 124800
4.800083 119600
5.000003 124800
5.20005 119600
5.400072 124800
5.600075 119600
5.800147 114400
6.000067 119600
6.200048 119600
6.400019 140400
6.600002 119600
6.800019 124800
7.000008 119600
7.200011 119600
7.400083 98800
7.600003 119600
7.80005 130000
8.000072 130000
8.200075 119600
8.400005 124800
8.600067 119600
8.800048 98800
9.000019 145600
9.200002 135200
9.400003 109200
9.600008 119600
9.800011 124800
9.916658 57200
