0.200072 62600
0.400075 135200
0.600147 10400
0.800067 57200
1.000048 114400
1.200019 114400
1.400002 208000
1.600003 197600
1.800008 130000
2.000011 130000
2.200083 104000
2.400003 93600
2.60005 119600
2.800072 140400
3.000075 244400
3.200147 150800
3.400067 140400
3.600048 109200
3.800019 104000
4.000002 98800
4.200019 114400
4.400008 119600
4.600011 124800
4.800083 119600
5.000003 119600
5.20005 124800
5.400072 93600
5.600075 124800
5.800147 135200
6.000067 124800
6.200048 119600
6.400019 140400
6.600002 88400
6.800019 130000
7.000008 124800
7.200011 182000
7.400083 192400
7.600003 166400
7.80005 119600
8.000072 114400
8.200075 93600
8.400005 124800
8.600067 119600
8.800048 228800
9.000019 145600
9.200002 150800
9.400003 145600
9.600008 98800
9.800011 260000
9.916658 67600
