0 1
0.10000000000000001 1
0.20000000000000001 16
0.30000000000000004 3
0.40000000000000002 8.6066
0.5 4.48529
0.59999999999999998 7.3909
0.69999999999999996 1
0.79999999999999993 5.05378
0.89999999999999991 6.77034
0.99999999999999989 2
1.0999999999999999 5.05378
1.2 1
1.3 4.16441
1.4000000000000001 5.97588
1.5000000000000002 2
1.6000000000000003 5.05378
1.7000000000000004 1
1.8000000000000005 4.16441
1.9000000000000006 6.77034
2.0000000000000004 1
2.1000000000000005 4.40454
2.2000000000000006 6.77034
2.3000000000000007 3.33333
2.4000000000000008 5.97588
2.5000000000000009 1
2.600000000000001 5.05378
2.7000000000000011 6.77034
2.8000000000000012 3.33333
2.9000000000000012 5.97588
3.0000000000000013 1
3.1000000000000014 5.05378
3.2000000000000015 6.77034
3.3000000000000016 3.33333
3.4000000000000017 6.306
3.5000000000000018 1
3.6000000000000019 4.16441
3.700000000000002 5.97588
3.800000000000002 2
3.9000000000000021 5.97588
4.0000000000000018 1
4.1000000000000014 4.40454
4.2000000000000011 6.77034
4.3000000000000007 2
4.4000000000000004 5.97588
4.5 7.61288
4.5999999999999996 3.33333
4.6999999999999993 5.97588
4.7999999999999989 1
4.8999999999999986 5.05378
4.9999999999999982 6.77034
5.0999999999999979 4.16441
5.1999999999999975 6.46458
5.2999999999999972 2
5.3999999999999968 5.05378
5.4999999999999964 6.77034
5.5999999999999961 4.16441
5.6999999999999957 6.77034
5.7999999999999954 1
5.899999999999995 5.05378
5.9999999999999947 6.77034
6.0999999999999943 3.33333
6.199999999999994 5.97588
6.2999999999999936 1
6.3999999999999932 5.05378
6.4999999999999929 6.77034
6.5999999999999925 3.33333
6.6999999999999922 5.97588
6.7999999999999918 7.61288
6.8999999999999915 4.16441
6.9999999999999911 6.77034
7.0999999999999908 2
7.1999999999999904 5.05378
7.2999999999999901 6.77034
7.3999999999999897 4.16441
7.4999999999999893 6.77034
7.599999999999989 2
7.6999999999999886 5.97588
7.7999999999999883 7.61288
7.8999999999999879 3.33333
7.9999999999999876 5.97588
8.0999999999999872 1
8.1999999999999869 5.05378
8.2999999999999865 6.77034
8.3999999999999861 3.33333
8.4999999999999858 5.97588
8.5999999999999854 1
8.6999999999999851 5.05378
8.7999999999999847 6.77034
8.8999999999999844 3.33333
8.999999999999984 5.97588
9.0999999999999837 2
9.1999999999999833 5.05378
9.2999999999999829 7.61288
9.3999999999999826 3
9.4999999999999822 5.97588
9.5999999999999819 1
9.6999999999999815 4.16441
9.7999999999999812 6.77034
9.8999999999999808 2
9.9999999999999805 3.33333
