0 1
0.10000000000000001 1
0.20000000000000001 13
0.30000000000000004 3
0.40000000000000002 6.32883
0.5 6.32883
0.59999999999999998 2
0.69999999999999996 3.33333
0.79999999999999993 3.55301
0.89999999999999991 5.19763
0.99999999999999989 1
1.0999999999999999 4.16441
1.2 6.77034
1.3 9.38974
1.4000000000000001 11.2405
1.5000000000000002 2
1.6000000000000003 7.16696
1.7000000000000004 8.9211
1.8000000000000005 4
1.9000000000000006 6.51909
2.0000000000000004 7.91801
2.1000000000000005 4.16441
2.2000000000000006 5.80357
2.3000000000000007 2.9
2.4000000000000008 5.19763
2.5000000000000009 6.87746
2.600000000000001 4.16441
2.7000000000000011 5.97588
2.8000000000000012 8.48916
2.9000000000000012 11.2405
3.0000000000000013 1
3.1000000000000014 6.42297
3.2000000000000015 8.57591
3.3000000000000016 4
3.4000000000000017 6.51909
3.5000000000000018 7.91801
3.6000000000000019 3.33333
3.700000000000002 5.44207
3.800000000000002 2.5
3.9000000000000021 5.19763
4.0000000000000018 6.87746
4.1000000000000014 4.16441
4.2000000000000011 5.97588
4.3000000000000007 1
4.4000000000000004 5.05378
4.5 6.91805
4.5999999999999996 3.63333
4.6999999999999993 5.97588
4.7999999999999989 2
4.8999999999999986 5.05378
4.9999999999999982 6.91805
5.0999999999999979 4.16441
5.1999999999999975 6.77034
5.2999999999999972 2
5.3999999999999968 5.05378
5.4999999999999964 1
5.5999999999999961 4.16441
5.6999999999999957 6.77034
5.7999999999999954 1
5.899999999999995 5.05378
5.9999999999999947 6.77034
6.0999999999999943 3.33333
6.199999999999994 5.97588
6.2999999999999936 7.61288
6.3999999999999932 4.16441
6.4999999999999929 5.80357
6.5999999999999925 2.9
6.6999999999999922 5.19763
6.7999999999999918 7.57609
6.8999999999999915 3.33333
6.9999999999999911 5.97588
7.0999999999999908 7.61288
7.1999999999999904 10.3083
7.2999999999999901 1
7.3999999999999897 5.57776
7.4999999999999893 8.21603
7.599999999999989 1
7.6999999999999886 5.68862
7.7999999999999883 7.3909
7.8999999999999879 2
7.9999999999999876 5.05378
8.0999999999999872 1
8.1999999999999869 4.33944
8.2999999999999865 6.09735
8.3999999999999861 3
8.4999999999999858 5.05378
8.5999999999999854 7.61288
8.6999999999999851 10.3083
8.7999999999999847 11.9335
8.8999999999999844 5.39231
8.999999999999984 7.30649
9.0999999999999837 1
9.1999999999999833 4.92064
9.2999999999999829 7.3909
9.3999999999999826 2
9.4999999999999822 5.05378
9.5999999999999819 6.77034
9.6999999999999815 9.38974
9.7999999999999812 11.9335
9.8999999999999808 2
9.9999999999999805 4
