0 1
0.10000000000000001 1
0.20000000000000001 1
0.30000000000000004 4.25
0.40000000000000002 5.68862
0.5 3.55301
0.59999999999999998 6.09735
0.69999999999999996 7.83782
0.79999999999999993 4.16441
0.89999999999999991 6.77034
0.99999999999999989 2
1.0999999999999999 5.97588
1.2 1
1.3 4.16441
1.4000000000000001 6.77034
1.5000000000000002 2
1.6000000000000003 5.97588
1.7000000000000004 7.61288
1.8000000000000005 4.16441
1.9000000000000006 5.97588
2.0000000000000004 2
2.1000000000000005 5.05378
2.2000000000000006 6.77034
2.3000000000000007 4.16441
2.4000000000000008 5.97588
2.5000000000000009 2
2.600000000000001 5.05378
2.7000000000000011 7.61288
2.8000000000000012 3.33333
2.9000000000000012 5.05378
3.0000000000000013 1
3.1000000000000014 4.16441
3.2000000000000015 6.77034
3.3000000000000016 3.33333
3.4000000000000017 5.97588
3.5000000000000018 1
3.6000000000000019 4.16441
3.700000000000002 6.77034
3.800000000000002 3.33333
3.9000000000000021 5.97588
4.0000000000000018 1
4.1000000000000014 5.05378
4.2000000000000011 6.77034
4.3000000000000007 2
4.4000000000000004 5.05378
4.5 1
4.5999999999999996 4.16441
4.6999999999999993 5.97588
4.7999999999999989 2
4.8999999999999986 5.62582
4.9999999999999982 1
5.0999999999999979 4.16441
5.1999999999999975 6.77034
5.2999999999999972 1
5.3999999999999968 5.05378
5.4999999999999964 6.77034
5.5999999999999961 3.33333
5.6999999999999957 5.97588
5.7999999999999954 1
5.899999999999995 5.05378
5.9999999999999947 6.77034
6.0999999999999943 3.33333
6.199999999999994 6.14322
6.2999999999999936 1
6.3999999999999932 4.16441
6.4999999999999929 5.97588
6.5999999999999925 2
6.6999999999999922 5.80357
6.7999999999999918 1
6.8999999999999915 4.16441
6.9999999999999911 6.77034
7.0999999999999908 2
7.1999999999999904 5.97588
7.2999999999999901 1
7.3999999999999897 4.63158
7.4999999999999893 6.77034
7.599999999999989 1
7.6999999999999886 5.05378
7.7999999999999883 6.77034
7.8999999999999879 3.33333
7.9999999999999876 5.97588
8.0999999999999872 1
8.1999999999999869 5.05378
8.2999999999999865 6.91805
8.3999999999999861 4.16441
8.4999999999999858 6.77034
8.5999999999999854 1
8.6999999999999851 4.16441
8.7999999999999847 6.46458
8.8999999999999844 3.33333
8.999999999999984 5.97588
9.0999999999999837 1
9.1999999999999833 5.05378
9.2999999999999829 6.77034
9.3999999999999826 3.33333
9.4999999999999822 5.97588
9.5999999999999819 7.61288
9.6999999999999815 4.16441
9.7999999999999812 5.97588
9.8999999999999808 2
9.9999999999999805 3.33333
