0 1
0.10000000000000001 1
0.20000000000000001 1
0.30000000000000004 4.25
0.40000000000000002 5.68862
0.5 3.55301
0.59999999999999998 6.09735
0.69999999999999996 7.83782
0.79999999999999993 4.16441
0.89999999999999991 6.77034
0.99999999999999989 2
1.0999999999999999 5.97588
1.2 7.61288
1.3 3.33333
1.4000000000000001 5.80357
1.5000000000000002 2
1.6000000000000003 5.19763
1.7000000000000004 7.02286
1.8000000000000005 3.33333
1.9000000000000006 5.05378
2.0000000000000004 7.61288
2.1000000000000005 10.3083
2.2000000000000006 11.9335
2.3000000000000007 5.57776
2.4000000000000008 7.30649
2.5000000000000009 1
2.600000000000001 4.92064
2.7000000000000011 7.3909
2.8000000000000012 2
2.9000000000000012 4.16441
3.0000000000000013 1
3.1000000000000014 4.33944
3.2000000000000015 6.09735
3.3000000000000016 2
3.4000000000000017 5.05378
3.5000000000000018 6.77034
3.6000000000000019 10.0116
3.700000000000002 11.9335
3.800000000000002 4
3.9000000000000021 7.30649
4.0000000000000018 8.9211
4.1000000000000014 4.92064
4.2000000000000011 7.11243
4.3000000000000007 1
4.4000000000000004 5.05378
4.5 6.77034
4.5999999999999996 9.38974
4.6999999999999993 11.4177
4.7999999999999989 2
4.8999999999999986 7.30649
4.9999999999999982 8.9211
5.0999999999999979 4
5.1999999999999975 6.51909
5.2999999999999972 7.91801
5.3999999999999968 4.16441
5.4999999999999964 5.80357
5.5999999999999961 2.9
5.6999999999999957 5.19763
5.7999999999999954 6.87746
5.899999999999995 4.16441
5.9999999999999947 6.14322
6.0999999999999943 2
6.199999999999994 5.97588
6.2999999999999936 1
6.3999999999999932 4.16441
6.4999999999999929 5.97588
6.5999999999999925 2
6.6999999999999922 5.97588
6.7999999999999918 1
6.8999999999999915 4.40454
6.9999999999999911 6.77034
7.0999999999999908 2
7.1999999999999904 5.97588
7.2999999999999901 1
7.3999999999999897 5.05378
7.4999999999999893 6.77034
7.599999999999989 1
7.6999999999999886 5.05378
7.7999999999999883 6.91805
7.8999999999999879 3.63333
7.9999999999999876 5.97588
8.0999999999999872 2
8.1999999999999869 5.05378
8.2999999999999865 1
8.3999999999999861 4.16441
8.4999999999999858 6.77034
8.5999999999999854 1
8.6999999999999851 4.16441
8.7999999999999847 6.77034
8.8999999999999844 3.33333
8.999999999999984 5.97588
9.0999999999999837 1
9.1999999999999833 5.05378
9.2999999999999829 6.77034
9.3999999999999826 3.33333
9.4999999999999822 5.97588
9.5999999999999819 1
9.6999999999999815 4.16441
9.7999999999999812 5.97588
9.8999999999999808 2
9.9999999999999805 3.33333
