0 1
0.10000000000000001 1
0.20000000000000001 1
0.30000000000000004 4.25
0.40000000000000002 5.68862
0.5 3.55301
0.59999999999999998 6.09735
0.69999999999999996 1
0.79999999999999993 5.05378
0.89999999999999991 6.77034
0.99999999999999989 3
1.0999999999999999 5.97588
1.2 7.61288
1.3 3.63333
1.4000000000000001 5.97588
1.5000000000000002 1
1.6000000000000003 5.05378
1.7000000000000004 6.77034
1.8000000000000005 4.16441
1.9000000000000006 6.61927
2.0000000000000004 2
2.1000000000000005 5.05378
2.2000000000000006 6.77034
2.3000000000000007 4.16441
2.4000000000000008 6.77034
2.5000000000000009 2
2.600000000000001 5.97588
2.7000000000000011 7.61288
2.8000000000000012 3.33333
2.9000000000000012 5.97588
3.0000000000000013 1
3.1000000000000014 5.05378
3.2000000000000015 6.77034
3.3000000000000016 3.33333
3.4000000000000017 5.97588
3.5000000000000018 1
3.6000000000000019 5.05378
3.700000000000002 6.77034
3.800000000000002 3.33333
3.9000000000000021 5.97588
4.0000000000000018 1
4.1000000000000014 4.16441
4.2000000000000011 6.77034
4.3000000000000007 2
4.4000000000000004 5.97588
4.5 7.61288
4.5999999999999996 3.33333
4.6999999999999993 5.80357
4.7999999999999989 2
4.8999999999999986 5.19763
4.9999999999999982 7.02286
5.0999999999999979 2
5.1999999999999975 5.05378
5.2999999999999972 7.47918
5.3999999999999968 10.3083
5.4999999999999964 11.9335
5.5999999999999961 5.2
5.6999999999999957 7.30649
5.7999999999999954 1
5.899999999999995 4.92064
5.9999999999999947 7.3909
6.0999999999999943 2
6.199999999999994 5.05378
6.2999999999999936 6.77034
6.3999999999999932 9.38974
6.4999999999999929 11.9335
6.5999999999999925 3
6.6999999999999922 7.30649
6.7999999999999918 8.9211
6.8999999999999915 4.92064
6.9999999999999911 6.51909
7.0999999999999908 1
7.1999999999999904 4.16441
7.2999999999999901 5.80357
7.3999999999999897 3.55301
7.4999999999999893 5.19763
7.599999999999989 1
7.6999999999999886 4.16441
7.7999999999999883 6.77034
7.8999999999999879 9.38974
7.9999999999999876 11.2405
8.0999999999999872 2
8.1999999999999869 6.73066
8.2999999999999865 8.9211
8.3999999999999861 4
8.4999999999999858 6.51909
8.5999999999999854 7.91801
8.6999999999999851 3.63333
8.7999999999999847 5.80357
8.8999999999999844 2.9
8.999999999999984 5.19763
9.0999999999999837 6.87746
9.1999999999999833 4.16441
9.2999999999999829 5.97588
9.3999999999999826 2
9.4999999999999822 5.25165
9.5999999999999819 1
9.6999999999999815 4.16441
9.7999999999999812 5.97588
9.8999999999999808 2
9.9999999999999805 3.33333
