0 1
0.10000000000000001 1
0.20000000000000001 43
0.30000000000000004 80.1374
0.40000000000000002 1
0.5 15
0.59999999999999998 29
0.69999999999999996 1
0.79999999999999993 19
0.89999999999999991 22.2285
0.99999999999999989 24.2939
1.0999999999999999 26.1968
1.2 27.9703
1.3 29.6714
1.4000000000000001 31.2481
1.5000000000000002 32.7489
1.6000000000000003 34.1839
1.7000000000000004 35.5609
1.8000000000000005 36.8865
1.9000000000000006 38.166
2.0000000000000004 39.404
2.1000000000000005 40.6043
2.2000000000000006 41.77
2.3000000000000007 42.9041
2.4000000000000008 44.009
2.5000000000000009 45.0867
2.600000000000001 46.161
2.7000000000000011 47.1896
2.8000000000000012 48.1963
2.9000000000000012 49.1823
3.0000000000000013 50.149
3.1000000000000014 51.0973
3.2000000000000015 52.0284
3.3000000000000016 52.9431
3.4000000000000017 53.8423
3.5000000000000018 1
3.6000000000000019 26.1917
3.700000000000002 27.9656
3.800000000000002 29.6333
3.9000000000000021 31.2119
4.0000000000000018 32.7144
4.1000000000000014 34.1507
4.2000000000000011 35.529
4.3000000000000007 36.8829
4.4000000000000004 38.1626
4.5 39.4007
4.5999999999999996 40.6011
4.6999999999999993 41.7669
4.7999999999999989 42.9011
4.8999999999999986 44.006
4.9999999999999982 45.0838
5.0999999999999979 46.1365
5.1999999999999975 47.1656
5.2999999999999972 48.1728
5.3999999999999968 49.1593
5.4999999999999964 50.1264
5.5999999999999961 51.0948
5.6999999999999957 52.0259
5.7999999999999954 52.9406
5.899999999999995 53.8398
5.9999999999999947 1
6.0999999999999943 26.1917
6.199999999999994 27.9656
6.2999999999999936 29.6333
6.3999999999999932 31.2119
6.4999999999999929 32.7144
6.5999999999999925 34.1507
6.6999999999999922 35.529
6.7999999999999918 36.8558
6.8999999999999915 38.1364
6.9999999999999911 39.3753
7.0999999999999908 40.5764
7.1999999999999904 41.7429
7.2999999999999901 42.8777
7.3999999999999897 44.006
7.4999999999999893 45.0838
7.599999999999989 46.1365
7.6999999999999886 47.1656
7.7999999999999883 48.1728
7.8999999999999879 49.1593
7.9999999999999876 50.1264
8.0999999999999872 51.0752
8.1999999999999869 52.0067
8.2999999999999865 52.9217
8.3999999999999861 53.8213
8.4999999999999858 1
8.5999999999999854 26.1535
8.6999999999999851 27.9298
8.7999999999999847 29.5995
8.8999999999999844 31.1798
8.999999999999984 32.6838
9.0999999999999837 34.1507
9.1999999999999833 35.529
9.2999999999999829 36.8558
9.3999999999999826 38.1364
9.4999999999999822 39.3753
9.5999999999999819 40.5764
9.6999999999999815 41.7429
9.7999999999999812 42.8777
9.8999999999999808 43.9832
9.9999999999999805 44.9505
